4.095
4.695
4.382
4.618
4.164
4.110
4.644
4.444
4.508
4.410
4.410
4.572
3.494
4.291
4.024
4.321
4.187
4.730
3.962
3.323
4.052
2.593
4.526
4.593
4.137
4.730
4.083
4.479
3.526
4.690
3.868
4.396
3.325
4.667
4.126
2.617
3.132
4.096
4.603
3.067
4.392
4.312
4.730
3.038
3.693
2.588
2.721
3.361
4.078
3.527
3.593
4.020
3.105
3.002
4.427
3.001
4.491
3.069
3.384
3.286
4.874
2.325
3.735
2.863
4.060
3.315
2.955
4.195
2.713
4.094
3.974
4.448
3.109
3.412
3.751
2.659
2.955
2.245
3.642
4.210
2.578
3.473
3.085
2.491
3.382
3.559
3.177
4.367
3.546
3.350
3.165
4.224
3.435
4.364
3.634
3.311
4.138
4.034
3.293
3.405
2.410
3.441
3.793
3.819
3.664
3.123
2.878
3.296
2.831
3.061
3.898
3.462
3.846
4.154
2.167
2.116
4.241
3.671
2.836
3.064
2.458
2.601
2.744
1.300
2.870
5.000
3.086
4.809
4.414
3.777
4.568
4.618
4.443
4.262
4.434
4.171
4.652
4.328
4.482
4.076
4.630
4.712
4.076
4.629
3.940
4.559
4.121
3.837
4.668
3.632
4.757
4.188
4.575
4.730
4.395
4.506
2.483
3.807
4.687
3.726
4.598
4.490
3.259
4.738
4.278
4.331
3.839
4.106
4.145
4.142
4.444
2.694
4.269
4.188
3.471
4.208
4.213
4.318
2.434
3.256
3.256
4.061
3.829
3.001
3.984
2.511
2.808
3.185
2.967
2.163
4.025
4.078
3.968
3.680
4.330
3.914
3.449
3.059
2.167
3.443
2.829
2.710
2.664
2.508
2.406
2.852
4.201
2.387
4.283
3.801
3.225
3.030
2.732
3.101
3.090
2.975
3.237
3.806
3.908
2.100
2.320
1.499
2.403
3.197
1.931
2.497
3.611
2.976
2.405
3.380
2.470
2.383
4.134
4.164
3.430
3.201
2.279
1.945
2.577
1.815
3.079
1.534
2.486
2.638
3.280
2.216
4.122
2.845
1.506
2.418
3.423
4.581
3.602
3.999
3.905
3.860
2.688
4.292
3.710
2.151
4.695
4.389
3.967
4.706
3.843
3.356
3.478
3.471
3.619
4.733
3.806
3.237
3.299
3.821
4.411
4.826
3.090
2.712
4.460
3.461
2.816
3.544
4.105
3.957
4.353
3.956
4.061
4.286
4.619
2.888
4.394
2.969
3.224
4.507
1.831
3.107
3.040
4.349
3.771
4.195
5.000
3.170
4.043
4.154
3.109
4.280
4.180
3.655
4.456
3.698
3.914
2.629
4.181
3.827
3.425
4.516
3.598
4.446
2.319
2.437
4.547
4.102
4.335
3.439
4.589
1.730
3.860
4.423
3.369
4.382
4.287
3.817
4.654
3.666
3.690
3.714
4.372
4.510
3.300
2.468
4.297
4.887
4.195
3.243
3.377
3.163
3.776
2.962
2.892
2.007
3.874
4.847
3.665
4.532
4.225
2.550
2.822
4.313
3.047
3.831
4.401
3.815
3.841
4.111
4.206
1.712
3.870
4.021
4.427
4.807
4.362
4.444
2.299
3.970
3.139
3.871
3.226
2.788
3.495
3.473
4.133
4.198
3.854
2.438
3.719
4.036
4.375
2.963
4.216
2.992
4.763
3.500
2.745
3.402
4.274
2.741
2.625
4.126
3.825
3.809
4.011
3.476
3.490
3.938
4.213
4.664
2.262
3.995
3.742
3.823
3.736
4.865
3.444
4.386
2.210
3.647
2.612
4.715
3.811
4.418
4.017
3.673
5.000
3.297
3.995
3.020
2.809
4.218
3.792
4.230
2.630
5.000
2.241
4.281
3.636
4.195
3.866
4.674
4.415
4.124
3.806
3.817
2.403
3.574
3.685
2.043
3.854
4.150
3.065
3.630
4.177
4.241
2.124
2.569
4.804
2.762
3.292
3.946
2.632
3.937
2.596
3.709
1.793
3.942
4.343
3.681
3.836
4.665
4.895
3.288
3.302
3.960
4.136
4.566
3.457
3.811
2.883
3.453
4.455
3.000
4.424
3.390
4.021
2.643
4.694
2.264
3.724
4.489
4.030
4.521
5.000
3.584
3.690
3.807
3.247
3.853
2.690
3.896
3.155
4.729
4.291
4.135
2.897
4.599
3.898
4.710
4.104
4.057
4.016
3.321
3.266
3.772
4.520
3.707
4.489
2.704
4.135
3.745
3.019
4.409
3.540
4.104
4.307
3.326
4.221
3.826
4.145
2.263
3.892
3.365
3.053
3.596
2.692
3.594
3.012
3.251
3.391
4.120
2.856
3.912
4.697
2.925
4.415
4.540
3.660
4.676
3.200
3.867
4.213
3.976
4.334
3.597
3.382
4.820
3.249
4.466
4.443
3.612
4.090
4.202
4.481
3.430
4.042
3.762
2.956
3.873
4.599
3.948
2.444
4.777
3.969
3.992
2.627
4.065
4.443
4.534
4.551
3.850
4.085
3.895
3.539
4.546
4.149
3.159
3.802
3.435
2.022
5.000
3.433
3.106
3.799
4.462
4.540
3.699
2.294
4.444
4.157
2.416
3.578
4.761
4.095
3.407
4.285
4.706
3.397
3.834
4.713
3.822
4.740
4.824
4.491
3.925
3.604
3.590
4.335
4.619
3.647
2.932
3.874
4.563
3.717
3.952
2.008
5.000
4.246
4.666
3.028
3.200
2.479
3.547
3.394
3.841
4.290
4.179
3.076
4.100
2.318
5.000
4.519
4.552
3.183
3.302
4.058
2.341
3.605
4.843
3.276
4.139
4.196
4.271
3.366
4.875
4.159
3.895
3.570
4.584
4.482
3.665
3.509
1.654
3.891
3.964
3.071
3.757
5.000
2.852
4.247
1.644
5.000
4.229
1.662
4.431
4.158
5.000
4.573
2.544
3.739
3.362
2.702
1.577
4.014
3.004
4.423
3.500
3.359
3.785
3.850
2.969
4.194
4.702
4.384
2.783
5.000
3.697
4.088
3.543
4.362
4.348
2.748
4.097
3.825
4.106
3.778
4.448
4.004
3.825
4.245
3.791
4.672
4.089
4.672
1.986
3.453
3.699
3.536
3.739
4.674
4.614
4.516
4.072
4.730
4.300
3.891
3.150
3.093
3.459
3.877
4.373
4.256
4.033
3.307
4.130
3.903
2.377
3.681
4.243
3.970
5.000
3.899
4.142
5.000
3.580
4.238
4.417
3.846
3.997
5.000
3.384
4.251
3.431
4.060
3.501
3.631
4.167
4.364
4.563
2.839
3.727
3.346
5.000
5.000
2.749
3.495
3.563
4.397
4.053
4.280
2.549
3.901
3.900
3.612
2.931
4.274
2.009
4.761
4.275
2.785
3.828
4.153
4.312
3.896
4.729
4.769
4.440
3.850
2.710
2.942
3.867
4.677
4.286
2.758
4.563
3.870
3.409
4.242
4.298
2.718
3.307
2.040
3.558
3.464
3.105
3.873
2.644
3.804
5.000
4.479
4.497
4.086
3.384
4.415
2.600
3.833
3.850
3.283
3.274
2.921
4.033
4.627
3.900
2.034
3.633
4.627
5.000
3.952
4.488
3.440
4.000
3.465
4.684
3.429
3.324
4.329
3.248
4.159
3.939
4.269
3.633
4.101
4.581
4.153
4.254
3.992
2.145
3.927
3.860
4.174
3.827
3.605
4.412
4.382
3.173
5.000
3.290
4.579
3.629
3.015
3.376
4.716
3.787
3.545
4.079
4.409
2.617
2.902
4.175
2.939
1.936
3.580
4.573
3.926
3.903
3.703
4.135
3.626
4.708
3.822
4.244
4.585
3.814
4.497
4.038
3.937
4.567
3.746
4.633
3.272
4.420
3.698
3.799
4.729
4.628
4.152
4.376
4.359
4.653
3.792
4.245
3.776
3.552
4.578
4.404
3.945
4.625
4.767
4.319
3.638
4.632
4.237
4.359
4.528
4.264
3.904
4.295
4.451
4.873
3.569
3.750
3.896
4.139
3.828
3.940
4.624
4.191
4.655
4.176
3.946
3.589
4.488
4.040
4.236
4.732
4.371
3.643
3.761
4.220
3.720
4.004
3.775
3.966
4.772
3.829
4.256
4.551
3.823
4.533
4.555
4.019
3.699
4.403
4.523
4.189
4.327
3.614
4.454
4.106
4.241
3.495
4.589
4.369
4.147
4.285
4.383
4.762
4.217
3.846
4.746
3.902
4.556
3.993
4.666
3.887
4.067
3.985
4.394
4.179
3.732
4.711
3.952
4.439
4.416
4.664
3.698
3.678
3.956
3.989
4.420
4.424
3.056
4.482
4.810
4.068
3.925
3.840
4.174
4.193
4.357
3.939
3.518
4.589
4.257
3.820
4.301
4.353
4.117
4.217
4.521
4.137
4.184
4.182
4.289
4.472
4.653
4.651
4.172
3.815
4.089
4.319
4.973
4.285
4.279
4.375
4.327
3.844
4.124
3.796
4.203
3.397
4.639
4.013
3.910
4.877
4.272
3.444
4.655
4.035
4.665
4.161
4.369
4.950
4.391
3.328
4.220
4.403
4.316
3.676
3.104
4.542
4.599
4.163
4.688
4.595
4.558
3.598
4.339
4.735
4.423
4.800
4.537
4.558
4.151
4.432
3.761
3.080
4.441
3.386
4.712
3.909
3.648
3.904
5.000
4.236
3.443
3.320
4.490
4.126
4.106
4.570
4.704
4.083
3.615
4.830
3.864
3.646
3.654
4.315
4.511
4.362
3.436
4.640
3.995
4.704
4.784
4.579
4.272
4.202
3.860
3.758
3.881
4.523
4.034
3.758
4.089
4.406
4.359
3.665
3.773
4.475
3.406
4.271
3.909
4.435
4.396
4.807
4.144
4.394
4.237
4.583
3.977
4.221
4.352
3.828
4.617
3.974
3.741
4.497
3.898
4.680
4.444
3.847
4.262
4.102
4.580
1.895
4.049
3.387
3.366
3.413
4.163
4.899
4.089
3.092
3.664
3.864
4.076
4.148
3.396
4.489
4.194
4.507
1.624
0.466
3.437
4.519
4.776
4.236
3.839
0.686
3.719
3.115
4.237
4.523
3.314
3.702
3.819
1.472
3.818
3.310
4.504
2.459
3.505
4.896
3.306
4.421
2.081
1.730
4.463
2.826
4.726
2.366
3.678
4.011
4.859
3.589
2.945
4.318
3.309
4.490
3.832
3.422
3.927
4.243
4.412
3.272
2.248
3.150
4.570
4.344
4.611
4.781
3.334
2.961
2.528
4.277
4.509
3.205
3.671
3.480
4.897
2.821
3.467
4.013
4.691
3.911
4.564
4.310
4.139
3.156
3.278
2.499
3.381
3.299
4.834
3.500
3.800
3.287
3.922
3.702
4.371
2.610
4.590
2.421
3.970
4.205
3.777
3.659
3.976
4.130
4.909
3.676
2.492
3.793
4.377
3.574
1.273
4.421
4.308
2.356
2.231
4.564
3.912
4.711
4.353
4.491
0.946
3.954
4.002
4.565
3.528
3.326
3.584
3.666
4.282
4.090
4.438
4.644
4.679
4.236
2.973
2.130
2.460
3.352
3.358
3.396
3.509
4.434
2.361
4.731
2.729
4.397
0.761
0.961
3.868
2.846
2.905
4.702
4.224
2.667
1.325
2.395
4.353
1.925
2.334
4.338
3.698
3.181
4.701
1.711
2.215
3.715
4.642
4.705
4.768
4.226
4.830
3.152
3.828
2.082
3.825
3.953
3.306
4.267
2.911
3.479
3.893
4.460
4.617
4.023
4.898
1.226
3.599
2.586
3.502
4.267
3.832
4.432
3.124
3.743
2.751
3.847
4.694
4.807
3.040
4.354
4.170
3.774
4.203
4.188
3.319
3.055
4.050
4.529
2.902
3.972
2.119
4.485
4.108
4.501
5.000
4.635
2.834
4.635
4.471
4.597
4.071
3.509
3.944
3.615
4.502
3.417
2.692
3.157
1.671
3.279
2.749
4.123
3.668
4.655
2.521
3.830
2.166
2.917
3.525
2.238
1.819
3.404
2.603
3.260
2.339
