4.480
4.823
4.913
4.598
4.376
4.456
4.722
4.731
4.667
4.579
4.579
4.711
3.840
4.561
4.327
4.568
4.062
4.867
4.417
3.779
4.444
3.121
4.592
4.615
4.167
4.822
4.328
4.141
3.947
4.747
3.961
4.651
3.328
4.780
4.472
3.068
3.798
4.360
4.612
3.675
4.385
4.627
4.867
3.498
4.205
3.424
2.819
3.889
4.370
3.503
3.843
4.227
3.520
3.190
4.628
3.518
4.716
3.555
3.205
3.769
5.000
2.659
3.729
3.489
4.389
3.832
3.300
4.477
3.133
4.450
3.972
4.657
3.064
4.089
3.946
2.840
3.383
2.284
3.840
4.274
2.956
3.531
3.910
2.504
3.617
3.960
4.283
4.617
4.103
3.750
3.455
4.651
3.911
4.573
4.017
3.612
4.046
3.466
4.035
4.241
2.763
3.834
4.311
4.090
3.933
4.089
3.513
4.011
3.631
4.112
4.455
3.802
4.240
4.310
2.248
2.859
4.334
3.861
2.957
3.870
3.486
3.467
2.524
2.714
3.484
5.000
2.165
4.839
4.396
3.934
4.638
4.707
4.503
4.558
4.110
4.329
4.769
4.633
4.554
4.596
4.817
4.839
4.466
4.627
4.295
4.531
4.362
4.468
4.740
3.974
4.836
4.330
4.769
4.867
4.634
4.604
2.896
4.137
4.789
4.118
4.780
4.594
3.875
4.865
4.738
4.776
4.147
4.608
4.223
4.559
4.731
1.810
4.540
4.360
3.478
4.575
4.583
4.527
2.882
3.503
3.503
4.419
4.139
3.189
4.179
2.625
2.794
3.213
3.744
2.300
4.362
4.548
4.194
4.598
4.207
4.093
4.488
3.741
2.725
4.212
2.943
3.438
3.466
3.150
3.049
3.925
4.489
3.038
4.415
4.095
3.763
3.625
3.096
3.819
3.747
3.905
3.943
4.156
4.443
4.119
3.250
2.652
2.562
3.878
2.791
3.269
3.820
2.826
2.397
3.554
2.924
2.798
4.465
4.479
4.187
3.879
3.206
2.350
3.196
2.627
3.279
2.062
2.719
3.290
2.976
2.818
4.349
3.439
3.202
3.502
4.380
4.709
4.261
4.650
4.353
4.337
4.032
4.667
4.051
3.014
4.725
4.459
4.561
4.726
4.432
4.321
4.478
4.495
4.377
4.866
4.603
4.287
4.017
4.578
4.627
4.939
3.827
3.886
4.551
4.311
3.519
4.100
4.464
4.505
4.546
4.490
4.476
4.753
4.707
4.197
4.444
3.632
3.914
4.847
3.214
4.273
3.961
4.776
4.298
4.551
5.000
3.918
4.721
4.395
3.833
4.490
4.621
4.266
4.507
4.263
4.485
3.575
4.646
4.439
4.425
4.765
3.952
4.663
3.441
3.489
4.704
4.592
4.682
4.222
4.764
3.610
4.543
4.363
4.003
4.440
4.528
4.647
4.758
4.525
4.359
4.321
4.630
4.822
3.929
4.126
4.906
4.891
4.765
4.238
4.038
3.898
4.196
3.917
3.781
3.329
4.405
4.873
4.381
4.833
4.468
3.834
3.928
4.432
3.739
4.544
4.619
4.520
4.212
4.418
4.579
3.637
4.497
4.186
4.684
4.876
4.760
4.783
3.702
4.615
3.520
4.818
4.144
3.435
4.499
4.159
4.815
4.600
4.606
3.780
4.431
4.375
4.821
3.707
4.687
4.093
4.797
4.249
3.815
4.320
4.803
4.226
4.148
4.770
4.595
4.375
4.348
4.356
4.239
4.459
4.551
4.841
3.496
4.217
4.499
3.928
4.360
4.885
4.404
4.876
3.428
3.910
3.632
4.841
4.400
4.764
4.009
4.403
5.000
4.311
4.311
3.770
3.168
4.824
4.490
4.455
4.295
5.000
2.104
4.632
4.336
4.699
4.379
4.861
4.761
4.165
4.477
4.273
3.198
4.051
4.427
3.458
4.466
4.613
4.098
4.171
4.660
4.864
3.523
3.953
5.000
3.488
3.814
4.550
3.248
4.694
3.814
3.781
2.869
4.409
4.587
4.516
4.317
4.735
4.868
4.205
4.332
4.512
4.479
4.881
3.725
4.431
3.671
4.151
4.508
4.165
4.574
3.852
4.558
3.367
4.901
3.336
4.212
4.546
4.444
5.000
4.681
4.449
4.592
4.456
3.355
4.406
3.542
4.602
4.085
4.790
4.633
4.418
4.356
4.710
4.113
4.820
4.483
4.596
4.577
4.091
4.330
4.238
4.500
4.506
4.673
3.915
4.340
4.233
4.122
4.399
4.400
4.535
4.566
4.169
4.423
4.360
4.441
4.094
4.742
4.251
4.647
3.734
4.199
4.367
3.988
3.617
4.238
4.464
4.141
4.511
4.829
4.302
4.806
4.656
4.063
4.855
4.091
4.560
4.622
4.270
4.782
4.531
3.495
4.818
4.186
4.769
4.613
4.380
4.755
4.501
4.848
4.113
4.542
4.625
4.123
4.412
4.753
4.463
4.113
4.803
4.148
4.601
3.964
4.704
4.723
4.761
4.737
4.557
4.663
4.556
4.180
4.621
4.211
3.810
4.522
3.939
3.142
5.000
4.125
3.691
4.282
4.825
4.641
4.211
3.836
4.648
4.594
3.581
4.039
4.841
4.588
4.533
4.635
4.793
4.151
4.430
4.736
4.485
4.867
4.890
4.630
4.674
4.052
3.912
4.665
4.805
4.631
4.144
4.389
4.750
4.190
4.476
3.924
5.000
4.604
4.808
4.471
3.941
3.642
4.020
4.265
4.681
0.000
4.570
4.186
4.456
0.000
0.000
4.701
4.049
4.359
4.707
4.199
4.353
4.524
4.775
4.647
4.906
4.702
4.491
4.606
4.744
4.818
4.680
3.851
4.559
4.664
4.517
4.357
2.567
4.462
4.541
3.874
4.734
4.696
4.079
4.173
0.000
5.000
4.569
0.000
5.000
4.830
5.000
4.465
2.051
4.512
4.346
4.076
0.000
4.562
4.059
4.570
4.035
3.472
4.508
3.521
0.000
4.113
4.907
4.153
4.027
5.000
4.617
4.662
4.560
4.629
4.467
2.664
4.935
3.879
4.709
0.000
4.488
4.337
4.248
4.537
4.451
4.783
4.619
4.830
4.194
4.206
4.258
3.930
4.310
4.895
4.862
4.659
4.764
4.656
4.562
4.530
0.000
4.530
3.618
4.422
4.431
4.432
4.104
4.309
4.715
4.599
3.538
4.255
4.730
4.686
0.000
4.400
0.000
0.000
4.621
4.793
4.862
4.603
4.670
5.000
4.228
4.705
4.115
4.284
4.394
4.528
4.889
4.598
4.805
4.042
4.550
4.220
0.000
5.000
2.538
4.023
4.366
4.517
4.809
4.625
4.316
4.736
4.173
4.335
4.061
4.394
0.000
4.834
4.481
4.339
4.183
4.688
4.817
4.087
4.774
4.868
4.361
3.521
3.060
3.945
4.881
4.776
5.000
3.048
4.515
4.297
4.707
4.769
4.708
4.125
4.244
2.414
3.934
4.261
2.998
4.288
4.028
4.117
5.000
4.507
4.768
4.415
4.430
4.742
4.395
3.747
3.521
3.649
3.934
5.000
4.747
4.809
4.058
0.000
3.859
3.454
5.000
4.780
4.881
4.355
4.641
4.893
4.883
4.570
4.330
4.779
3.920
4.232
4.464
4.696
4.182
4.544
4.547
4.185
0.000
3.607
4.356
4.891
0.000
4.502
4.264
4.467
4.729
4.534
3.417
5.000
4.700
4.634
4.311
4.498
4.075
4.971
4.113
3.327
5.000
4.677
2.767
4.418
4.341
3.352
2.154
3.866
4.465
4.281
4.213
4.736
4.620
4.143
4.786
4.456
4.555
4.575
4.523
4.895
4.822
4.454
4.757
4.629
4.827
4.128
4.631
4.519
4.791
4.633
4.773
4.782
4.498
4.565
4.836
4.267
4.594
4.274
4.641
4.930
4.677
4.500
4.799
4.955
4.684
4.630
4.315
4.730
4.795
4.704
4.700
4.153
4.649
4.751
4.809
4.606
4.743
4.655
4.479
3.852
4.086
4.716
4.716
4.798
2.496
4.464
4.305
4.537
4.614
4.751
4.775
4.650
4.466
4.666
4.597
4.185
4.481
3.876
4.661
4.887
4.356
4.134
4.389
4.555
4.715
4.851
4.546
4.681
4.809
4.811
4.484
4.837
4.393
4.867
4.369
4.465
4.379
4.298
4.619
4.626
4.700
4.694
4.740
4.329
4.684
4.838
3.466
4.780
4.582
4.641
4.400
4.250
4.726
4.439
3.930
3.692
4.778
4.467
4.821
4.561
4.816
4.657
4.502
4.643
4.191
4.603
4.525
4.511
4.612
4.977
4.280
4.360
4.729
4.670
4.801
4.621
4.362
4.659
4.425
4.463
4.209
4.659
4.597
5.000
4.597
4.797
4.740
4.269
4.481
4.592
4.613
4.763
4.749
4.519
4.671
4.350
4.118
5.000
4.675
4.726
4.584
4.422
4.381
4.580
3.989
4.680
3.565
4.897
4.531
4.657
4.886
4.852
4.607
4.957
4.332
4.703
4.664
4.746
4.944
4.613
4.476
4.688
4.490
4.486
4.539
3.740
4.436
4.835
4.781
4.866
4.887
4.855
4.589
4.594
4.700
4.695
4.235
4.736
4.918
4.721
4.061
4.769
4.364
4.562
3.246
4.561
4.683
4.361
4.680
5.000
4.014
4.283
3.951
4.615
3.892
4.799
4.624
4.496
4.667
4.426
4.935
4.472
4.515
4.619
4.740
4.064
3.978
4.609
4.880
4.128
4.937
4.872
4.839
4.833
4.346
4.418
4.667
4.355
3.853
3.087
4.714
4.659
4.777
4.890
4.307
3.436
4.227
4.575
4.423
4.395
4.770
4.768
4.829
4.732
4.515
4.702
4.820
4.648
4.535
4.173
3.944
4.870
4.299
4.564
4.841
4.650
4.829
4.741
3.951
4.506
4.602
4.710
3.714
4.389
0.000
3.680
4.201
4.712
4.838
4.147
2.815
4.221
0.000
4.294
4.359
4.845
4.315
3.509
4.653
2.807
1.275
2.635
3.677
4.641
4.484
3.945
0.000
4.435
3.360
3.897
4.491
4.090
3.362
3.996
2.118
3.622
3.793
4.391
1.336
2.539
5.000
3.675
3.547
3.244
2.833
4.410
0.000
5.000
3.422
4.680
3.722
4.503
4.145
3.217
4.870
0.000
4.462
3.123
3.416
1.219
4.280
4.378
4.591
0.000
0.000
4.445
4.597
4.089
5.000
3.779
3.522
0.000
4.497
4.759
1.965
1.674
2.995
4.790
4.279
4.416
4.443
4.702
3.392
4.042
2.920
2.910
2.967
3.334
3.836
3.757
3.718
5.000
3.373
3.682
3.607
4.308
0.000
4.542
0.000
4.689
0.000
4.490
3.891
3.609
3.822
2.020
3.969
4.882
4.583
0.000
2.068
4.016
3.296
3.379
4.247
4.614
3.492
3.696
4.883
2.550
4.560
3.855
4.145
0.000
4.102
3.649
3.551
3.574
0.000
4.211
3.956
4.636
4.800
4.514
3.917
4.414
4.259
3.330
0.000
0.000
0.000
4.345
4.007
4.498
4.350
1.012
5.000
3.398
4.577
1.554
0.000
4.347
2.974
3.454
5.000
3.306
1.572
3.612
0.000
4.001
2.347
0.000
4.613
3.974
4.593
4.858
3.542
1.513
4.429
4.656
3.949
4.696
4.706
4.650
3.966
4.423
0.000
3.659
3.965
3.591
4.507
3.315
3.204
3.851
5.000
4.396
4.356
4.781
3.270
0.000
2.611
2.019
4.224
0.000
4.449
0.000
1.951
2.251
2.607
4.587
4.914
0.000
2.366
4.398
2.040
4.648
4.539
3.963
4.036
4.243
4.499
3.052
4.534
3.352
5.000
4.061
4.532
5.000
4.756
0.000
3.709
4.442
4.594
3.470
4.515
4.377
3.655
4.403
4.031
2.608
0.000
3.333
3.725
0.000
4.463
4.383
3.954
1.253
4.391
4.324
2.900
3.707
3.326
1.956
2.867
2.892
0.000
0.000
