3.531423
3.570135
4.662743
4.898910
2.353303
1.879378
3.908427
1.888055
2.784082
1.948712
1.948712
5.086426
0.807691
4.843299
2.186738
2.021252
5.016314
3.603310
2.661077
1.115463
1.971395
0.957645
4.990361
4.722704
1.628487
3.403991
1.348567
2.274098
0.661205
2.733620
2.393505
4.866992
1.766457
4.238708
3.775681
0.401599
1.055557
2.306202
4.130050
0.764744
4.231348
3.066265
3.124715
0.921736
1.691617
0.594689
0.425917
1.133632
4.910811
1.850320
1.018737
1.586835
0.850048
0.748776
1.630028
0.108504
3.936721
0.871871
5.057317
1.446343
4.408462
0.058286
3.965389
1.127188
4.094703
0.173562
0.221347
4.139100
0.128429
4.104235
2.656423
4.210710
0.088081
4.468925
4.428588
0.191316
0.497443
0.066874
4.068810
4.239409
0.193168
0.890406
2.964362
1.511649
0.444446
1.669787
4.340350
4.453570
3.927639
1.428082
2.742651
3.690986
0.643372
4.595594
0.790838
4.563860
4.085326
4.552033
3.163019
4.305692
0.097433
0.426173
3.704399
3.531854
4.343455
3.446639
0.083139
3.725298
2.275908
3.245401
2.529188
4.580753
3.969062
3.539119
0.044352
0.316266
4.440496
2.966164
0.107846
0.574414
0.940717
0.440276
0.137409
1.053836
0.085637
5.028670
0.222087
2.592609
4.984544
4.479293
4.711134
2.492354
3.340336
4.617447
3.255049
4.490665
5.058238
2.141753
2.003941
5.059021
5.042940
3.884697
4.223885
4.383853
1.692056
1.689746
4.350029
3.548652
1.777456
0.646520
1.706949
1.715862
3.536463
3.241023
3.186519
3.467883
0.446699
0.660178
4.217801
0.769571
5.111553
2.522298
1.036335
3.524255
4.985394
4.668280
3.487223
3.629741
4.854698
3.803164
1.719614
0.321068
4.304928
4.405282
3.634760
3.722839
3.116152
4.129948
0.380242
0.326695
0.259448
3.721606
3.516850
0.732391
1.136387
0.198918
0.227909
0.523183
0.756285
0.344098
4.267132
4.163005
1.671726
3.119756
3.991295
3.690329
3.905403
0.499371
0.104898
3.299082
0.644081
1.189815
1.051985
1.017164
0.425806
1.023529
3.286678
0.084102
1.850464
2.547438
0.970572
0.541927
0.769354
0.884188
3.146641
0.834673
1.962665
4.124501
3.865414
2.331416
0.334991
0.043900
0.606590
1.037129
0.065583
0.274187
2.086087
2.702248
0.234398
1.537917
0.065835
0.005417
4.454948
3.235396
3.775865
3.124654
0.173932
0.074479
0.242390
0.198310
3.416888
0.123139
0.115004
0.023997
2.841092
0.485576
3.443278
3.505790
0.049632
0.222811
3.870708
4.780916
3.187937
3.551106
1.342204
3.565004
0.373865
4.080980
3.302212
0.083869
4.687747
3.429762
3.587218
4.480084
3.026124
3.029162
1.258173
4.238976
1.236003
4.883600
4.745111
0.716036
1.753047
3.605792
3.762389
5.070241
0.624076
0.065606
3.479287
3.004759
1.322994
1.106499
3.532991
3.583934
4.010559
4.162920
1.829782
4.471209
3.904666
0.492921
4.770195
1.664476
2.157869
4.823429
0.138009
0.742155
2.454682
4.031280
2.636518
2.677131
5.068016
3.370985
1.355388
5.037272
3.383564
4.136500
4.327650
4.015379
4.310796
4.231250
2.111116
0.649441
1.323612
3.881779
3.897862
4.634895
4.015113
3.556221
0.037249
0.202372
3.633323
2.916231
4.073466
3.419283
3.856952
0.160753
3.392555
4.145390
4.725006
3.245300
4.929960
4.752305
3.005553
3.170120
3.066721
1.718211
4.339900
3.490783
0.209110
0.703122
3.814629
4.824828
5.008579
2.190712
3.967916
0.801274
3.943951
0.640364
3.543733
0.340837
3.997760
4.069907
1.120637
4.445127
2.349220
0.329852
3.018226
4.811061
0.125154
4.184181
4.084512
4.731267
2.949319
3.044223
4.951715
0.602069
1.235056
2.638040
4.008200
4.712703
3.148642
4.245628
0.441212
1.664492
1.694275
3.936339
2.504386
0.119084
1.490917
2.202404
4.048722
4.098522
3.271579
0.966250
3.110997
2.638212
4.604036
1.186694
2.461876
2.189259
3.931934
1.779135
0.101647
1.278576
2.567136
0.239189
1.023094
5.116255
3.247554
3.109614
2.814909
0.425242
2.727913
3.892396
2.945719
4.641051
0.190498
3.279283
2.863102
3.992213
4.718691
5.094859
1.924811
3.973728
0.494502
1.906044
0.145291
4.824611
3.904234
4.189670
4.998697
0.849201
5.075366
1.100365
2.369405
2.149026
0.118544
5.061645
3.035380
4.883512
1.276691
5.055423
1.324594
3.379582
0.215792
1.975301
2.460953
5.075346
3.923303
4.305478
3.575021
3.212708
0.058742
4.281024
4.148487
0.114613
1.475763
3.974676
1.341117
1.220614
3.625458
3.945810
0.792179
0.146080
5.063022
1.982151
2.255466
4.604009
1.835061
3.421830
0.671227
2.049953
0.074868
3.140055
2.815208
4.002913
2.015174
5.118851
4.505136
0.102818
2.495719
3.627170
2.948418
4.902909
1.282830
3.089641
1.151914
1.418292
4.356734
0.213127
5.053451
2.588203
4.110094
0.284863
4.107674
0.710944
3.696193
4.531735
3.080266
5.019749
4.434507
4.320454
3.939445
3.714452
3.955580
2.547451
0.789390
4.203411
0.196907
5.014721
1.417474
2.321771
1.033688
2.662592
1.333699
3.725038
3.786655
0.658608
3.406303
0.091992
1.109410
2.257454
2.961000
0.423877
1.571838
0.678670
2.308204
1.748967
3.104665
3.837174
0.991978
3.593613
4.658993
2.028991
4.070349
3.470096
1.520486
0.886045
2.956475
0.786180
0.684515
0.044512
1.149025
0.483549
1.041371
0.915413
1.963881
0.971676
3.807886
2.487561
3.291786
1.199649
2.174589
4.550666
3.822666
5.062120
0.885980
1.690426
3.076092
4.681124
3.872527
1.113075
3.766611
2.603868
2.170370
3.245171
2.591309
1.303783
4.773994
2.364324
4.702237
0.789014
1.107210
1.345191
2.085001
3.419971
4.820396
4.105384
2.209300
2.069461
3.790133
2.306611
0.560466
3.554904
4.702274
2.915853
5.105912
3.523354
3.433789
1.418053
1.032196
3.071379
3.477561
1.246156
2.643701
3.672440
1.096135
4.058776
1.600193
2.345614
1.883885
1.784759
4.256528
2.922146
0.327920
3.685069
2.414757
0.759728
3.441261
4.779324
3.387414
0.531574
3.449714
1.405869
0.957035
4.040698
2.518852
2.874727
3.609484
2.939011
4.926554
4.272510
2.076042
1.197435
3.227188
2.554263
3.046304
0.579338
4.254156
4.292749
0.426766
3.339687
0.818970
5.011652
3.287103
3.305804
3.145677
1.154159
1.512424
2.883548
2.060867
3.056075
3.635529
2.373837
1.576050
3.463834
4.163760
3.213867
2.506588
4.244737
1.941801
2.428500
2.003469
4.371322
2.897607
3.932695
4.263381
2.831875
4.566425
2.604021
2.598854
4.871332
1.741048
1.502396
2.407156
3.341419
4.362786
1.168291
2.726236
3.563509
1.737746
3.469902
2.530038
2.802164
4.718094
2.114677
3.458699
4.279735
4.655867
3.038662
2.077859
4.812467
2.257143
4.294549
4.096184
1.925386
2.103800
3.574693
1.615213
3.308399
4.341816
2.162886
3.130303
3.621408
4.377697
3.490681
2.739725
2.455046
2.162256
4.381510
3.209887
2.182796
4.903446
2.672899
3.978529
2.079914
2.876334
1.062205
1.159132
2.931453
3.094685
3.461180
4.451049
4.676465
2.235620
2.781502
2.088538
1.799449
3.885527
3.137865
4.328741
1.754743
1.690619
2.391106
1.782577
1.705526
2.719454
2.560969
1.558441
4.373522
4.865909
1.721911
2.482013
3.780639
3.687671
1.410368
4.038453
4.592925
2.326782
3.271422
3.731250
2.541326
2.270057
1.147270
2.683276
1.435150
2.033031
4.564940
2.710269
3.583302
4.707859
3.487504
1.942973
2.383501
2.465501
2.651002
2.114879
3.039514
3.678453
2.704937
2.383163
2.007140
3.388719
1.482161
2.597849
4.303449
3.488142
2.878856
1.942680
4.528397
3.866594
0.515244
0.739463
3.050883
2.822047
3.737390
3.406362
1.951571
2.725271
2.256423
2.655282
2.195733
3.249724
4.158030
3.412351
3.865717
1.992279
1.262786
2.623917
1.550945
2.605795
2.610340
4.825136
4.485755
1.776326
2.148347
1.695590
4.287619
4.974442
2.083158
2.736325
2.424225
2.548131
1.751668
3.017916
3.941222
2.030524
4.047150
0.809875
2.604101
2.010782
2.000911
2.431353
0.635381
3.023907
4.741868
1.746312
3.108448
4.430480
1.903700
3.374640
2.037475
3.463365
2.371221
2.694729
1.217169
1.757102
1.942847
3.975237
2.060639
3.583306
1.915303
2.117339
2.732682
2.495407
1.502208
3.312608
1.715761
4.330737
4.918951
2.662894
2.427551
2.435896
4.598833
3.674090
1.802433
4.447603
0.923934
1.485134
3.296827
2.433781
2.931047
2.856617
2.669631
4.923817
2.851959
3.072490
2.651928
2.883400
3.593915
4.635059
2.740466
4.842438
4.572687
4.797289
2.393224
2.327803
3.036992
3.559700
2.695889
3.538428
4.662369
3.279608
1.480574
1.913831
0.824278
1.339057
1.299140
0.558806
2.836501
2.382613
2.283840
1.785275
3.084330
3.214182
4.274499
2.323833
4.849242
4.765437
1.346368
3.532440
3.479364
2.545423
4.571886
1.533699
3.922474
3.754855
4.043649
3.769436
3.375986
4.726203
3.632167
1.330725
3.763185
4.042382
4.044321
3.528691
3.166883
2.055780
3.657092
4.515027
4.488391
3.138476
4.221014
4.035260
2.868893
2.922295
4.384674
4.040396
3.148192
3.572109
2.486493
3.013612
3.627349
3.447098
4.614498
3.286939
2.948891
4.426623
3.758387
3.505232
3.124237
4.213520
4.331576
4.445863
3.494557
4.197468
2.694035
4.138220
3.555692
3.528370
3.503118
4.319422
3.103125
2.250441
2.106280
2.195650
3.276891
2.917760
2.753233
3.684931
3.944144
3.657317
3.214122
3.411659
3.831644
3.776577
3.241235
3.979383
2.521585
3.611657
3.999953
4.307930
3.443835
3.213914
1.459840
3.259815
1.496435
3.703544
2.688670
2.623242
3.654264
3.875830
2.956251
3.875433
4.537945
3.690275
4.177992
3.436339
2.354486
2.964160
3.275216
4.282037
2.579849
4.051526
3.276907
3.232240
4.425573
4.430701
4.773786
3.206806
3.944828
2.060227
2.576511
3.284710
2.246011
4.018147
3.055844
2.225922
4.030149
4.309141
2.277660
3.394109
3.333720
2.008304
2.770411
1.490874
4.163087
3.303685
2.813930
3.348565
4.397358
3.644437
3.247077
1.799771
3.120045
4.101170
3.207241
2.429213
2.942635
3.538217
3.823278
4.438503
2.553136
3.692785
3.941835
4.616852
3.841374
4.276198
3.450572
3.530032
4.349329
3.357541
2.619478
3.684071
3.593735
3.460326
2.216127
3.703507
1.461100
4.017254
4.580385
4.155192
3.683872
4.459437
3.803611
2.877304
4.112966
4.698476
4.863780
3.812673
3.945958
3.779536
2.922048
3.862619
2.107345
1.523505
2.626904
4.575790
4.658689
3.843982
4.357627
4.101527
2.693095
3.307643
3.601793
4.206894
4.091003
4.113142
2.947322
3.413209
2.261515
2.893351
3.099531
3.264969
2.241010
4.093269
2.221061
3.406794
3.875505
4.683757
2.874236
2.459380
1.766753
2.142817
2.504344
3.794547
4.242022
3.803114
2.056303
4.003653
3.806137
3.103673
0.757991
3.424046
4.060841
2.714397
3.031329
1.072504
3.715309
3.984700
4.342859
4.109752
4.066848
2.844416
3.725792
3.181314
2.720597
3.336074
2.547753
3.024689
3.586184
3.336571
3.463055
3.970690
3.587013
3.485959
1.797865
2.857927
3.689457
1.061454
4.870578
3.658731
4.168207
3.412069
3.217084
3.371201
4.424247
3.416602
2.877500
3.450533
0.821381
4.439435
3.232526
2.932189
4.693467
3.450169
4.741867
4.182884
2.292654
1.224290
4.654384
4.639818
1.063390
2.396722
3.619324
1.798014
2.685393
0.698783
4.593149
2.699884
1.281978
2.164897
4.980443
4.645351
2.044703
1.749530
4.815233
3.372777
4.744484
0.297283
0.133289
5.029932
4.875605
4.634654
3.670073
3.959044
0.781545
4.431846
1.747539
3.569106
2.640955
1.420215
4.554811
4.554304
0.955207
4.249321
2.214381
3.262980
0.758015
2.675355
4.764294
1.951433
4.939314
0.549524
0.818468
4.814365
1.326622
4.198134
0.516780
1.447081
3.341513
3.616507
3.563239
1.589438
3.700121
4.530415
3.869387
1.876960
4.717938
2.950035
3.807839
2.703788
2.229385
1.873875
3.130963
4.871799
4.551320
3.604315
2.627538
1.904779
1.967757
3.490623
4.438987
3.510720
2.904093
4.547292
4.275396
2.960807
2.199060
3.024157
4.684467
4.732244
3.276615
5.053345
4.347322
1.835598
2.687407
2.532003
2.532472
2.193933
2.285895
4.060269
1.769217
3.393373
3.034137
2.623372
4.796963
4.860159
1.734298
4.560284
2.839990
3.559515
4.570347
4.393061
2.927993
2.677447
1.448231
1.599919
2.263378
1.963663
1.502249
3.960829
3.345489
0.509937
4.963836
3.779182
2.128474
0.301339
4.467041
3.292860
3.515627
4.568570
2.892813
1.204200
4.683104
2.389674
4.485663
3.210974
4.714827
3.214490
2.445246
4.205887
2.151596
4.202767
3.125580
3.566160
4.113569
1.490400
1.345271
2.762124
2.550545
2.200773
1.745898
3.072840
2.199193
1.048444
3.527866
2.367350
4.877850
0.289948
0.389791
2.913818
4.231988
1.750986
4.154142
4.701801
0.291015
0.249369
2.563187
4.309237
1.491820
3.112196
3.472512
1.969559
0.758792
4.553018
1.398262
0.739255
4.385621
2.591230
3.990917
3.072010
2.926927
2.614312
1.976286
2.657229
1.139216
2.315297
2.308956
3.907914
4.692062
1.294917
3.499728
2.684471
4.780949
4.658248
4.851320
2.428818
0.033484
4.122538
2.408403
4.713425
2.913828
4.760736
4.474928
4.475183
3.120865
1.648997
4.496015
4.029978
2.599880
2.037699
2.593922
3.065664
4.806627
4.466046
4.750330
1.357233
2.660571
3.294487
4.564727
2.970202
0.522746
1.147233
2.271171
4.283314
4.780430
4.948256
2.417126
4.910871
4.750147
4.049710
4.834451
4.397983
2.616540
3.370613
5.113492
3.744709
3.347456
1.858420
3.097911
0.699663
2.030268
4.754863
2.644595
1.264079
2.303602
1.012426
1.355574
1.837432
1.558564
1.985315
2.006691
1.373810
1.370240
1.719149
0.626251
1.720643
