3.600245
3.771004
4.456574
3.988943
2.397115
2.267692
3.859206
1.856945
2.662306
1.799080
1.799080
4.811701
1.097087
3.875252
2.523106
2.293117
4.879122
3.490206
2.497799
1.102034
2.340762
1.464054
4.010251
4.413785
1.280817
3.206109
0.862128
2.484878
1.228580
3.338924
3.426786
3.414513
0.968209
3.841465
2.186055
0.697502
0.869613
2.070731
4.047196
0.746624
3.492849
3.325508
2.581229
1.034817
1.973000
0.981598
0.389587
0.875281
4.602020
2.333055
1.041851
1.683342
0.778539
0.943832
1.727278
0.405239
3.556412
1.220456
4.524613
2.086716
4.238743
0.293712
3.448231
1.385003
3.986257
0.833002
0.238137
4.110328
0.293289
3.872600
3.182450
4.158451
0.415915
4.031195
3.380444
0.129386
0.733473
0.165525
3.793261
4.003920
0.283946
1.060718
3.113142
1.579483
0.831528
1.833831
3.334023
4.430047
3.636632
1.304199
2.235052
3.588946
0.584376
3.764838
0.969512
4.121140
4.401395
4.064839
2.481070
3.875147
0.198304
0.793576
3.498736
3.021528
3.753059
3.519012
0.172529
2.860635
1.787707
3.403451
2.203533
4.057392
3.052988
3.447582
0.325009
0.261412
4.488699
3.351290
0.277492
0.859387
0.669489
0.479199
1.081721
0.533564
0.185780
4.596815
1.091781
2.586906
4.787988
4.237069
4.073341
2.813034
4.035898
4.415143
2.786044
4.409442
4.641890
2.534060
1.933235
4.856462
4.389880
3.279146
3.352528
4.027060
2.472608
1.797668
4.106479
3.080562
2.099477
1.307861
2.207702
1.791287
3.252611
2.999354
3.463227
4.203078
0.747737
0.759639
4.331658
1.272896
4.613090
2.465746
1.370848
3.212174
3.994064
3.948327
3.535707
3.721026
4.608457
3.798970
1.652849
0.498551
3.855282
3.378354
2.590969
3.298935
4.296618
3.815878
0.433372
0.728896
0.721885
2.789036
3.354484
1.282989
1.227143
0.248555
0.466325
0.606218
1.182353
0.864871
3.773642
3.303291
1.939690
3.020231
3.086504
3.591043
3.359727
0.684010
0.214079
3.015444
2.172670
1.337687
1.183959
1.305601
1.315613
1.816480
3.527577
0.216246
1.747878
1.551198
0.877737
0.681784
0.513639
0.628824
1.988500
0.967905
2.333662
4.028032
2.849283
1.274587
0.473259
0.304101
1.156590
1.366384
0.383555
0.717134
2.452286
1.363832
0.530643
1.780201
0.366990
0.169338
4.172290
3.223969
3.150106
2.492882
0.259872
0.167151
0.586271
0.440209
1.905092
0.467668
0.440075
0.290978
2.557022
0.691445
2.882120
2.653799
0.734245
0.821010
3.720025
4.894272
3.090819
3.334813
1.743698
4.211627
0.608873
3.762601
3.266850
0.173050
4.805984
4.540496
3.019337
4.114309
3.075431
2.221223
0.802200
3.284310
0.529184
4.742124
4.216741
0.534438
2.185957
4.230966
4.333323
4.779937
0.583659
0.065272
3.528660
2.538818
1.227720
1.745403
3.563774
3.465268
3.845277
4.476823
2.162526
4.032920
3.417288
0.383337
4.453060
2.704811
2.502856
4.412408
0.410725
0.320108
2.146910
4.112126
3.260372
3.060272
4.879815
3.218870
0.789592
4.536566
3.500563
4.168160
4.638814
2.729526
4.305509
4.217518
2.206454
0.142442
0.824936
3.279862
3.959285
4.425167
3.585064
3.616997
-0.051048
0.282972
3.697188
2.312271
3.308738
2.977640
2.560589
0.288600
3.052475
4.190001
4.498807
3.517355
4.525707
4.095538
3.966305
3.962923
3.292527
0.981841
3.975803
2.871920
0.214198
1.096226
4.224479
4.873940
4.881073
1.749584
2.703278
0.555865
3.375063
0.156660
3.382327
0.802815
3.832718
3.635682
0.769911
4.017486
2.832658
0.491521
2.372888
4.564082
0.244930
4.159782
4.705515
4.112807
2.694157
3.512470
4.919451
0.367374
1.092790
4.297851
4.101626
4.795113
2.738347
4.042507
0.522383
0.693841
2.898797
4.164022
2.356589
0.101154
1.023274
2.347737
4.052238
3.913051
2.945018
0.413038
3.098457
2.268736
4.348391
1.922950
3.189569
1.560933
4.586049
2.734880
0.213778
1.876599
2.615176
0.344623
1.349107
4.721687
3.609988
3.316616
2.716746
0.358255
1.956865
3.708203
3.017268
4.481326
0.255579
3.229892
2.418090
3.502734
4.452036
4.885996
1.784314
3.982235
0.625251
2.574327
0.226733
4.734281
3.773105
4.074816
4.783053
0.637337
4.627303
1.718612
1.728186
2.750413
0.067194
4.805201
2.491400
4.659081
1.290416
4.813015
1.373492
3.574881
0.616456
2.747077
2.590357
4.857744
4.419770
4.508307
3.449372
2.784187
0.056165
4.291009
3.078102
0.319065
0.626603
3.914668
1.209844
1.360099
3.488923
4.078544
0.344559
0.110377
4.943903
1.916906
1.611240
4.855518
2.263881
3.437152
0.979772
1.642063
0.024115
2.298019
4.043606
3.638296
2.329481
4.890633
4.619736
0.375655
2.902122
4.004847
2.337422
4.894946
1.375501
2.824380
1.286076
2.001777
4.414898
0.378628
4.719066
1.194951
3.703820
0.203078
4.428816
1.277755
3.528555
4.539633
3.452953
4.718555
4.037274
3.938344
3.926491
3.388687
3.392406
3.161641
0.685494
4.240887
0.278834
4.930861
1.406487
2.500049
1.730835
3.403290
2.025720
4.481748
3.749224
1.117555
3.668625
0.239639
1.476980
2.338245
3.555928
1.642644
1.478585
1.125463
2.164361
1.772511
2.613344
3.746434
1.056588
2.937744
4.587589
3.282733
3.512168
3.217664
1.277806
1.075435
2.901664
0.716566
1.077430
0.034053
0.807311
0.704649
1.453210
0.572208
3.062001
1.077175
3.016016
2.568365
4.013009
1.075030
2.116788
4.024164
3.311496
4.723465
0.565308
1.287686
3.007774
4.108771
2.600435
1.127587
4.153088
3.000513
1.731326
2.910406
3.152950
1.534452
4.681796
1.834680
3.639492
0.186483
2.390861
0.928456
2.137984
2.386173
4.564420
3.930829
1.257385
2.144825
3.552631
2.536540
0.947675
2.894898
4.422659
3.459237
4.729374
3.705940
3.339142
2.736655
1.905713
3.033668
3.169122
1.307926
2.226388
3.834270
1.773570
3.899978
1.333291
2.456449
1.788811
2.038969
4.485007
2.751635
0.258621
3.375115
3.029063
0.084660
3.295950
4.345101
3.185944
0.635105
4.240055
1.234746
1.385882
3.920471
3.530071
2.964313
3.895901
3.628292
4.786914
3.514748
3.388668
1.437600
3.422425
2.502102
3.231822
0.473158
4.391106
4.227691
0.715916
2.678712
1.982206
4.914379
3.301372
3.629840
3.427534
1.020658
0.620440
0.908082
1.797113
1.579596
3.494565
1.820586
1.407899
1.564048
3.133604
2.996945
2.098032
3.712488
0.846993
1.879546
1.574426
2.169142
1.630830
3.619081
3.672789
2.189364
4.227119
2.762661
2.289703
4.497827
1.220324
0.974516
2.785242
2.939538
3.908844
0.737732
2.507188
2.880979
1.657533
2.455590
2.090680
1.564708
3.758454
1.301144
2.593292
2.217670
3.834444
3.437784
1.534688
3.452211
1.994256
4.057654
3.286933
2.439288
2.131813
2.762130
1.086786
2.528970
2.507138
1.710643
3.015435
2.276813
3.105441
2.740766
1.471093
1.654082
1.321388
3.957242
2.557562
1.023384
4.348625
1.334499
2.646392
1.055506
2.547143
0.971897
1.009680
2.634235
2.775195
3.874759
3.126569
4.480856
2.499672
2.295859
1.802611
0.935398
3.116292
3.460066
3.624210
1.168499
1.124226
1.585520
1.239017
0.854973
1.934422
1.698534
1.306309
3.302085
4.008946
1.403799
2.489556
3.280548
2.537492
1.656003
3.190399
4.072891
2.844143
3.830430
1.885331
1.436017
1.260917
1.533246
2.157929
0.886743
1.596540
3.329967
2.436938
3.372429
3.241407
2.292310
1.674807
1.847806
1.496445
2.001043
2.460909
2.476736
2.778424
2.224742
2.065106
1.394581
2.058768
2.071955
2.482524
3.526006
1.734721
3.670055
1.073610
2.876413
4.204201
0.320524
0.767456
2.686395
2.789403
3.177516
3.499724
1.755978
2.964854
1.711636
2.613353
2.059376
2.777040
2.401797
3.359407
2.245708
2.205808
0.802209
1.987704
1.932416
2.777224
2.605406
4.027408
3.790670
0.512120
2.705618
0.820710
4.710329
4.172994
1.166103
2.243362
2.238848
1.626044
1.417941
2.218048
3.079676
1.377980
4.484183
0.341436
1.811236
1.376560
1.334343
0.915107
0.499883
3.521027
3.893837
1.908551
3.139762
4.470193
1.457432
2.317218
1.116896
2.874012
1.881347
2.096768
1.956928
2.411195
1.258443
4.298066
1.991734
2.676061
1.407628
1.669194
2.541775
1.760882
1.003645
2.908503
0.629502
2.234331
4.491603
1.929968
1.081001
1.879047
4.027627
2.850384
1.975539
3.326611
0.494607
1.058381
2.273114
1.594810
3.125249
2.206007
1.527369
4.196888
2.827436
3.588840
2.805281
2.536243
3.025833
3.342946
1.492622
4.004652
4.088430
4.015144
1.704867
2.199034
1.308600
3.656348
2.927977
2.097262
3.233052
2.501287
1.746153
2.726975
0.777438
2.220097
0.873137
0.665708
2.903675
2.107159
2.114164
1.979275
2.009203
2.045623
4.538539
1.330775
3.536408
4.018641
1.370885
3.948436
3.813837
3.271233
4.661587
0.878798
4.210161
3.721882
4.359858
3.261811
3.168026
4.825847
3.827010
1.313252
3.964409
3.400981
3.959274
3.365640
3.058947
1.267582
3.146762
3.773719
4.705698
3.348834
4.170921
4.778722
3.368292
2.482802
4.163696
3.972939
2.878763
3.855043
2.904191
2.230618
3.995308
3.519430
4.659138
3.289764
3.839850
4.205261
4.464025
3.735924
2.582698
4.546153
3.954304
4.272708
2.820065
3.482721
3.242489
3.998158
3.150723
3.747564
4.019037
4.379431
3.325739
1.554871
2.130966
2.847282
3.478611
3.344869
2.002975
3.902833
3.994626
2.668687
3.213457
2.970373
3.839730
3.689878
2.860479
3.620607
3.334356
3.424123
4.105850
4.369936
3.231842
2.863173
1.411941
2.775399
1.669156
3.359208
2.865667
3.015748
3.768826
3.416848
2.512776
3.596957
4.311175
3.615123
3.932736
3.286489
2.116892
2.461042
3.262088
4.324155
2.424390
3.480357
2.861339
2.985630
4.676417
4.121200
4.618104
3.279718
4.148971
3.151304
2.419907
3.434614
3.167195
4.093327
2.911631
2.966211
2.900146
4.419511
2.689895
3.019012
3.113266
1.928649
2.760745
1.858925
3.952755
3.956108
2.906633
3.296800
4.395253
3.284297
3.577178
1.110072
3.467013
4.078392
3.045243
2.789349
3.230183
3.839070
3.479065
4.679366
3.113841
3.696797
4.024272
4.053425
3.944891
4.668665
3.757589
3.114179
3.416725
3.430038
2.186403
4.044259
3.441166
2.760187
2.540402
4.037690
1.488372
4.216600
4.816830
3.752560
3.710959
4.634872
3.319695
3.065019
3.560302
4.312940
4.727404
3.417084
3.716625
4.227649
2.836021
3.537941
2.820035
2.876595
3.780621
4.719023
4.659063
3.973675
3.476749
4.067056
2.422560
3.675399
3.858514
4.124030
3.474810
3.388152
3.715030
3.718420
2.369601
2.416275
2.396176
2.901763
2.443238
3.878886
2.498798
3.153526
3.512030
4.842405
2.264640
3.126138
1.599846
2.263070
3.683601
4.087001
4.176178
3.321475
2.345049
3.998444
4.034724
2.531833
0.834699
2.929837
3.996133
3.241199
3.244996
2.880648
3.707923
3.318220
4.737473
3.632044
3.936239
2.380307
3.766174
3.763026
2.541304
2.539146
2.487608
3.070061
3.880495
2.939293
3.776505
4.436440
3.370427
3.530900
2.203106
3.996712
3.780857
1.075368
4.602127
4.102059
4.197771
3.423070
3.964258
4.186849
4.096220
2.632500
3.122916
3.241926
1.001891
4.634484
3.427949
3.734292
4.518422
3.489279
3.903266
3.809707
2.185914
1.362669
3.624894
4.534530
0.427429
1.979180
1.970982
2.195420
3.765925
0.864430
4.765959
1.315800
1.359888
1.427574
4.904707
3.394272
3.181860
1.579313
3.919932
3.333147
3.959590
0.235267
0.385619
4.811221
2.966644
4.822411
3.541471
2.070711
1.124411
4.473657
1.652583
2.762589
3.013141
1.970995
4.240820
4.431585
3.041164
2.616293
1.926077
3.893793
0.990440
2.376106
4.712941
2.598691
4.656817
1.467323
0.323034
4.774459
1.958079
4.350863
1.730525
1.878872
3.240958
3.914102
2.002550
0.903694
3.691030
4.077144
3.808551
3.085683
3.835458
2.827635
4.479226
2.826803
1.233830
2.465067
3.710786
4.779345
4.102725
3.676890
2.956079
3.064685
2.481304
4.146567
4.406370
3.255626
3.037570
4.559552
3.845311
3.139261
2.592112
2.489048
4.042192
4.825160
3.383667
4.748912
3.940500
1.579700
2.900990
2.402194
1.875790
2.309867
2.326164
4.109220
1.620232
3.911907
3.190987
3.791022
4.700913
4.621939
1.785066
4.276167
2.434839
3.362711
4.270289
4.049851
3.641428
3.639018
1.097710
0.978891
2.628596
1.999726
2.322155
4.015614
2.459711
2.033586
4.780266
3.690124
1.828811
0.841151
4.599194
4.121218
3.477113
4.330871
3.440867
0.438790
4.491466
2.493466
4.299292
3.554664
4.406452
3.121414
2.444220
2.940948
2.015193
3.896397
4.011011
3.391763
3.231897
1.342062
1.888989
2.722931
1.959105
1.425726
2.139930
2.175098
2.457241
0.965136
3.923927
1.216695
4.672294
0.297525
0.455250
3.271079
3.359057
1.952719
4.156236
3.431737
0.281959
0.183395
2.644387
3.814780
1.314046
3.081762
3.715540
2.794011
0.906924
4.594993
0.339449
0.297915
4.388929
2.584959
4.267600
3.326269
3.007584
1.858313
0.923295
1.973215
1.267629
1.224489
2.758930
3.446639
4.173098
1.612586
3.277705
2.335906
4.918676
4.774601
4.846989
2.176920
0.770403
3.321612
1.730245
4.666893
3.302078
4.701051
4.584284
4.583873
1.988574
1.177707
4.300263
4.379967
2.372364
1.645234
2.674812
3.177194
4.180487
3.734652
3.812655
1.654157
3.110690
3.623967
4.889554
3.621014
0.397829
0.700680
1.900715
4.274251
4.776476
4.881312
2.604290
4.766189
4.895406
4.530369
4.196868
4.695312
1.762268
3.783866
4.888844
3.442521
3.086176
1.663162
2.458727
0.295012
1.993498
4.284813
2.801734
1.123856
1.962343
0.876065
1.461453
1.347674
1.808978
2.573872
1.984189
0.809649
1.235223
1.294573
1.130269
2.857967
