2.581047
3.519742
4.752669
4.771072
1.987197
1.927193
3.866011
1.804446
2.459306
1.871653
1.871653
4.786315
0.764091
4.678811
1.871159
2.025775
4.216466
3.400031
3.360799
0.863676
1.798871
0.846787
4.708397
4.757629
1.430849
3.022007
1.047881
2.244302
0.841323
2.714696
3.291814
4.340212
1.174751
4.413619
3.319232
0.673083
0.883404
2.204279
4.141876
0.790958
3.787650
2.868380
2.780826
0.751993
1.282201
0.881376
0.611052
0.623684
4.472664
1.869097
0.920875
1.704563
0.765610
0.668277
1.697200
0.202918
3.397802
1.513002
4.021290
1.457455
4.429338
0.140824
3.692359
1.144449
2.758300
0.458049
0.409490
4.190099
0.180476
4.106691
2.889520
4.102081
0.408641
4.027802
3.652202
0.256851
0.727466
0.150356
3.526404
3.137838
0.296160
0.862603
2.950584
0.942052
0.448829
2.086106
3.631900
4.134243
3.711386
1.761704
1.780436
3.292762
1.173402
3.787490
2.831092
4.372290
4.184967
3.910239
2.750005
3.939319
0.178122
0.493179
3.002628
3.133753
3.910392
3.080060
0.192687
2.352061
1.980685
3.385037
3.229496
3.227617
2.586174
3.412882
0.165781
0.148416
3.191732
2.753560
0.236170
0.576839
0.694648
0.452551
0.329143
0.272342
0.122847
3.629635
0.671498
2.485289
4.834602
3.818379
4.011660
2.584058
3.037083
4.306318
3.171850
4.646784
4.837795
2.042117
1.856847
4.693678
4.730487
3.633721
4.039816
3.580755
1.907082
1.422109
3.877978
2.807810
1.773161
0.730251
1.611435
1.829347
3.666891
3.266319
2.606866
3.475743
0.430524
0.761368
3.849684
1.122338
4.614230
2.803790
1.715786
3.206038
4.315789
3.124709
3.292876
3.559036
4.837328
3.695803
1.747126
0.433879
4.071069
4.208895
3.414314
3.581825
2.752010
3.730211
0.636955
0.337817
0.282550
3.640509
3.215777
0.881580
1.293683
0.536492
0.165645
0.880204
0.638543
0.445187
3.914563
4.230294
1.688462
2.774767
3.790435
3.677238
3.339782
0.757210
0.193664
3.377528
0.866071
1.074857
0.506447
1.145124
0.676358
0.866801
3.810700
0.205989
1.898087
1.143272
0.403808
0.729484
0.777816
1.272708
2.752773
0.791804
0.940872
3.268565
3.584177
3.000175
0.544351
0.250049
0.283629
2.060898
0.142793
0.196910
2.242018
2.471054
0.154429
1.585517
0.165253
0.166396
4.231791
2.835417
3.772298
2.879145
0.157722
0.212165
0.208017
0.171794
2.988033
0.134061
0.144464
0.102992
2.804061
0.554046
2.937214
2.643017
0.112404
0.475284
3.802880
4.264037
4.017939
2.857844
0.995720
3.717910
0.406308
3.651075
3.151572
0.194914
4.710341
3.646939
3.192480
3.998271
2.504072
2.278835
2.920875
3.616813
1.394204
4.824944
4.006235
0.483781
3.151155
4.112372
4.129725
4.775468
0.866004
0.115744
3.720657
2.975327
0.514828
2.088627
3.464187
4.279973
3.900905
3.966289
1.946676
3.707606
3.098278
0.608139
4.752222
1.207945
1.908032
4.098519
0.200495
0.474795
2.262868
3.449574
3.037564
2.753783
4.844938
2.822559
1.373327
4.430223
3.400381
4.470439
4.058147
3.635290
3.242025
3.603936
1.802438
0.357110
0.906356
3.330217
3.449292
4.486505
3.658186
3.532146
0.231481
0.260983
3.441211
1.987574
3.971217
2.824498
2.571579
0.319610
2.652786
4.098588
4.316035
3.354751
4.813978
4.449713
3.630358
2.564967
3.571111
2.263317
3.641154
3.710934
0.181164
0.801071
3.681334
4.693913
4.497321
2.121782
3.541475
0.485197
3.786904
0.541137
3.675201
0.111600
3.621645
3.416340
1.117579
3.516666
2.206689
0.364421
2.317043
4.344514
0.321837
4.215983
4.660338
4.299603
2.640873
3.017608
4.731539
0.251772
1.002525
4.083070
3.802759
4.405821
3.130401
4.505947
0.193531
0.946537
1.262838
3.674289
2.350052
0.188693
3.226838
1.687728
3.487767
3.672606
3.029643
0.708047
2.800100
2.299764
4.352249
1.557137
2.458340
2.232476
3.241811
2.307898
0.379081
1.561060
2.505966
0.190584
0.319691
4.804159
3.089998
3.102573
2.445080
0.296214
2.255289
3.196187
3.241540
3.532374
0.107646
3.265901
1.616849
3.395712
4.223423
4.801262
1.739833
4.438086
0.431361
0.981602
0.181880
4.427597
4.057685
3.279320
4.340389
1.253525
4.623778
1.194575
2.275617
2.746899
0.340584
4.857364
2.845991
4.438439
0.798025
4.808799
0.276380
3.882565
0.482390
2.770931
3.049052
4.872233
4.087838
4.227002
3.475090
2.194221
0.175645
2.951270
3.838341
0.142997
2.110933
3.686949
0.976066
1.648435
3.650460
2.897461
0.457523
0.295540
4.257804
2.612932
2.145623
4.614198
1.908981
3.444315
0.473050
0.631794
0.094862
1.882000
2.806217
3.885473
2.077176
4.523193
4.680518
0.521094
2.515837
3.891549
2.261533
4.319538
2.693177
2.659144
1.195371
3.120695
3.827383
0.457958
4.670288
2.797897
3.732025
0.246128
4.235594
0.257627
3.117917
2.771381
3.446813
4.682245
3.995760
3.641516
3.027043
3.169756
3.619836
2.478379
0.812788
4.842682
0.673624
4.771497
1.668074
1.917082
1.730103
2.923369
1.194530
4.003741
3.101347
0.704060
3.319473
0.214969
0.932558
1.372516
2.700444
0.466052
1.103928
0.382886
1.710475
2.104191
1.951952
3.073362
2.141299
2.966835
3.890190
1.764074
3.400064
3.262630
1.105202
0.244537
2.750990
0.672725
0.683298
0.214500
0.490796
0.452966
0.906369
0.606787
2.017310
1.269325
2.562404
2.550665
2.507062
1.053369
2.020411
2.972720
3.977926
4.696963
1.809049
2.432968
3.110722
4.621602
3.372894
1.060320
2.154790
2.269070
1.975912
3.063742
2.438359
1.136770
4.391317
3.234722
3.821102
0.297251
1.843313
1.406050
1.304345
2.325316
4.735084
2.751045
0.472195
1.978996
2.022218
1.107173
0.242787
3.338836
4.203413
2.797962
4.664488
2.925414
2.308053
0.967359
1.163955
3.128487
3.143932
1.578294
1.912971
3.177287
0.855217
4.596103
1.732723
1.560465
1.442719
2.137897
3.958683
1.093087
0.659815
3.282987
2.375984
0.947043
3.234802
4.178782
2.243941
0.650266
3.355410
1.703192
1.253793
3.399130
2.084876
0.972767
3.061785
2.724612
4.466543
2.749135
1.372788
0.668538
2.916776
1.875545
1.816329
0.677128
2.501498
3.929024
0.611964
2.535735
0.279883
4.861948
1.967187
2.892042
2.966502
0.466310
0.992613
2.768466
2.076765
4.336505
3.484622
2.905494
0.701036
3.628483
4.030547
3.146108
3.184318
3.130089
1.520929
2.176658
2.632384
3.775929
2.460163
4.681330
3.551847
4.104038
4.069644
2.678993
2.005295
4.301731
0.696085
1.832059
1.507278
3.351791
4.118106
1.784658
3.339938
1.693775
1.750230
2.794705
0.925238
3.009665
4.255887
1.428006
3.353098
2.908695
1.977784
3.359016
1.721333
3.946993
1.514534
4.283833
4.261305
1.154161
2.081992
2.990661
0.786464
3.999214
3.438534
1.676444
3.037762
2.714163
3.092299
2.545854
3.781396
1.432474
2.535106
3.909286
2.182152
2.565297
4.835476
1.698227
3.320951
2.383407
3.132900
1.545051
2.078773
3.134890
3.394121
2.554243
3.833434
4.188837
3.301149
2.380527
2.559926
0.470144
3.183859
1.853999
3.231486
1.679587
1.870271
1.987607
2.050664
1.030769
3.165474
3.557563
2.097656
4.590894
4.210876
2.351207
1.926544
2.235761
3.386836
0.997579
3.741394
4.596151
3.684779
3.520222
2.918086
2.684631
2.275350
1.032044
1.767648
1.332884
2.070411
3.874353
3.293258
2.048097
4.163621
2.379890
1.827804
3.870065
2.416956
2.539896
1.441908
2.244874
2.773952
1.762583
2.636572
1.269120
3.342308
1.544135
1.918988
4.252487
4.030833
4.201939
2.449095
3.101551
4.534858
0.455893
1.107723
2.618357
3.554865
4.227856
3.846950
2.416238
3.358960
1.242294
3.170715
1.745510
2.518319
4.724453
4.025478
3.307824
2.359102
0.736473
2.279528
1.038936
2.034181
1.735630
4.288392
4.635858
2.936659
1.543573
1.250419
2.405725
4.555376
2.337531
1.721221
2.849682
2.031512
1.478261
2.430415
3.232780
2.013108
4.008719
0.941509
1.432187
2.681713
2.027394
1.993225
1.659270
2.168473
4.689101
2.944264
2.754924
3.979191
2.540398
3.681232
1.871887
2.548931
3.694584
3.956961
1.413080
2.241987
1.060213
4.390008
2.706101
2.558516
2.911489
1.570647
3.701502
2.518282
2.290632
3.335028
1.778948
3.662859
3.877338
2.585051
2.555497
1.740746
4.452237
2.185816
3.192780
3.565976
1.944119
2.010741
3.579958
3.116930
1.382658
3.607013
4.111313
4.133603
3.752236
1.731256
2.008133
1.848240
2.507720
3.868457
3.148841
4.237601
4.116716
4.560804
2.050867
1.271502
2.707014
1.812069
2.493608
3.866829
3.550329
2.907541
0.653241
2.000602
1.147876
0.822958
1.027207
1.328469
3.696458
3.380022
1.638716
3.208004
3.512507
2.688949
3.976020
2.567306
4.350806
3.585318
1.750371
3.633870
3.314718
3.201880
4.054827
1.484934
3.779282
3.557967
4.202901
3.175685
3.391016
4.669889
3.079088
1.459355
3.742346
3.935205
3.745005
3.425846
2.763540
1.624236
3.861502
3.843026
4.048532
2.808956
4.293967
4.308919
3.478808
2.718100
3.631142
3.391841
2.896314
3.431839
2.076899
2.188202
3.964229
3.670062
4.781923
3.777657
3.220543
4.142374
3.720396
3.653928
3.270586
4.203569
3.956439
3.872504
2.312174
3.757254
1.984017
3.438165
3.171223
3.303077
3.408096
4.104458
3.404138
2.012737
2.159039
3.191751
3.211492
3.185485
2.592521
4.094883
3.113501
3.023865
3.184219
2.999206
3.522092
3.796836
3.472632
3.326533
2.621648
3.347412
4.256954
4.098072
3.113823
3.024211
1.534012
3.312389
1.338316
3.875056
3.248127
3.094986
3.523993
3.817818
2.582849
3.260923
3.986909
3.813399
4.348841
2.925529
3.049371
2.731660
2.827742
3.728559
3.161451
3.959946
2.318372
3.641661
4.637215
3.818139
3.872022
2.465467
4.258532
3.160309
2.658926
3.132383
3.019390
4.012355
3.277019
3.688514
4.017468
4.112097
2.080392
3.070855
3.560488
2.723220
2.637195
1.567968
4.091289
4.068960
3.090209
2.779885
4.147827
3.603268
3.341588
2.174419
3.196457
3.906785
3.227186
2.363200
3.236768
3.897641
3.738332
4.719844
2.496561
3.747335
3.627599
4.002941
3.193687
4.862752
3.681052
3.164625
4.002366
3.356677
1.949705
3.257989
3.019014
3.231021
1.806422
3.607285
1.707022
4.005741
4.391802
4.034991
3.616269
4.440507
3.590872
2.920281
3.806828
4.325594
4.744631
3.142259
4.069658
3.303114
3.249539
3.812628
2.189252
2.121368
3.225237
4.070713
4.089031
3.523352
3.788959
3.830765
3.309642
2.382588
4.135243
4.011405
3.151541
3.938748
3.723891
3.046229
2.880331
3.336198
4.277105
3.339104
2.404365
3.489454
2.404480
3.117568
3.530132
4.077412
2.119486
3.082624
1.004598
2.622620
2.068221
3.585114
3.577570
3.622188
1.946818
3.820571
3.069611
3.440587
1.347702
3.284721
4.107435
2.532769
4.040936
1.796124
3.801490
3.736470
4.800683
3.895803
4.046182
3.237230
3.051204
3.357594
3.542913
3.201505
2.294826
2.777512
3.452930
2.993334
3.571343
3.815716
3.656807
3.129911
1.763661
3.348751
2.856198
1.047988
4.426390
3.303414
4.395338
3.713589
3.778579
3.362247
4.116813
4.489369
2.935111
2.796214
0.890783
4.156429
3.209834
3.108536
4.473071
3.095212
3.946629
3.801675
1.735506
1.320627
3.893575
4.401790
1.263571
2.295600
2.619553
2.499665
3.705194
1.147828
4.418384
1.752064
1.294326
1.505705
4.258289
3.633056
2.161174
1.285185
4.370564
3.482180
3.801056
0.687357
0.137836
4.731565
4.785850
4.571084
3.920456
3.322027
0.379995
4.116239
1.254566
3.406901
3.447582
1.371719
4.409659
4.286586
0.663674
3.677341
0.966672
3.221331
0.786132
2.332516
4.782297
2.220114
3.962282
0.585514
0.258670
4.768859
1.619226
3.659916
0.552371
1.251807
3.538596
2.333460
2.530344
0.765671
4.169114
4.784395
3.671471
2.512168
4.318545
3.354550
3.817600
1.885310
2.091419
0.985278
2.151359
4.545173
4.238086
3.389874
3.452747
3.026592
2.114382
2.685329
4.236639
3.523752
3.177172
4.815494
3.809328
1.854688
2.438534
3.209710
3.920150
3.933288
2.657168
4.793883
4.428189
1.564187
1.756886
1.792494
1.550392
1.191886
2.889095
3.918485
3.387671
1.786702
3.245527
3.185420
4.319171
4.381330
3.002771
3.168963
2.504730
3.566086
3.886780
4.027237
2.822474
1.544059
1.546167
1.548032
1.244144
1.093343
1.638753
3.155474
2.269863
0.242676
4.713675
3.898000
0.987384
0.335783
4.559733
3.760962
3.336958
4.109082
2.268527
0.092893
3.973060
1.469189
4.148308
3.878570
4.288521
3.538681
0.886854
3.932347
1.522515
3.775933
3.511879
3.696962
3.654053
1.137856
1.521843
3.113376
2.548457
0.874048
4.274304
3.805384
1.868449
0.976732
3.658992
1.160991
4.124730
0.170250
0.709166
3.065667
3.753245
1.491194
3.637366
4.231967
1.396431
0.154503
3.058547
4.320778
1.028382
4.138446
3.337026
3.421490
0.887753
4.583027
1.601318
1.055415
4.373168
2.839888
2.245386
3.237916
2.845810
2.270232
1.188539
2.155943
1.247772
1.971998
3.072466
3.290174
4.592289
0.984050
3.457956
2.825268
4.278130
4.214643
4.610980
1.835306
0.253739
4.754181
1.663534
4.119365
2.824156
4.345266
4.021117
4.748649
3.474322
0.599287
4.343481
4.327925
2.307436
1.576126
1.995095
2.673770
4.186975
4.341157
4.061300
1.179683
2.163316
3.342886
4.214808
2.735622
0.813797
1.030941
2.159073
4.244706
4.752095
4.711478
2.138485
4.785464
4.432744
4.720086
4.621868
3.519486
2.222475
3.483144
4.755205
3.385293
3.047034
1.292458
3.795902
1.160343
2.442076
4.610076
2.184706
2.035676
2.046130
1.009794
1.133083
1.175398
1.136518
1.296337
2.027829
0.982503
1.313170
1.031014
0.419555
0.804371
