2.439774
3.442537
4.899438
4.941189
2.049025
2.544619
3.718423
1.682791
2.013890
1.920070
1.920070
4.921402
0.801773
4.733423
1.915657
1.898641
4.289030
3.100183
3.329148
1.057754
2.913819
1.576263
4.910905
4.927302
1.545191
2.725125
1.283404
2.699306
0.701229
2.874705
3.195739
4.682790
1.129818
4.100858
2.928047
0.621040
0.580458
1.751708
3.799869
0.736489
3.801917
2.699262
2.966301
0.778780
1.384146
0.979030
0.906343
1.093337
3.722426
2.141469
0.632158
1.805583
0.945001
0.385286
1.666638
0.162666
3.797347
1.590176
4.635696
1.473045
4.899917
0.338068
3.298178
1.280493
2.652921
0.611431
0.699705
4.127292
0.255279
4.176536
3.131123
3.805583
0.473319
4.479316
3.889068
0.591162
0.297282
0.663297
3.181293
2.633822
0.313199
0.550037
2.538099
0.994852
0.558412
2.234425
3.596419
4.279022
3.680508
2.071979
1.787495
3.338343
1.003381
4.724269
2.269705
4.030326
4.078290
4.534697
2.238003
3.515847
0.271968
0.524979
2.630373
2.954008
3.717799
2.962862
0.350519
2.088247
1.487533
3.374351
3.340931
3.055750
1.866254
3.542286
0.382275
0.804669
3.747240
2.481305
0.112844
0.666234
0.463440
0.258651
0.396882
0.519630
0.030630
4.037595
0.478191
2.251071
4.879230
4.144211
4.005958
2.179901
3.101672
4.949427
2.739646
4.922656
4.924319
1.858352
1.804190
4.937521
4.834147
3.841033
4.036166
4.826987
2.631037
1.679513
4.328032
2.923642
1.924897
0.799564
2.014107
2.148291
3.906377
3.292482
2.934507
3.536238
0.672018
1.119420
3.954149
1.495332
4.880357
2.236535
1.716698
3.226587
4.723975
3.637396
3.460499
3.351109
4.918443
3.578402
1.681900
0.576053
4.809807
3.713705
2.331688
3.353145
3.262577
3.952786
0.867843
0.299762
0.274334
3.149767
3.195647
1.147363
1.087150
0.670483
0.222287
0.674830
0.410533
0.751434
3.457347
4.726748
1.798883
2.727702
3.470694
3.439692
3.329467
0.356964
0.409729
3.458458
1.580243
0.946667
0.451895
1.377107
0.744371
0.918135
3.435950
0.086553
1.896440
1.045721
0.645314
0.455283
0.819720
1.277919
3.014159
0.550074
0.991169
3.390677
3.261631
3.070968
0.331287
0.217702
0.426136
1.769081
0.241345
0.305471
2.541972
1.309962
0.322637
1.862856
0.107447
0.425238
4.601293
2.180245
3.728695
2.772054
0.079372
0.112524
0.250825
0.124434
2.428520
0.133774
0.217515
0.100549
2.786830
0.416165
3.367622
2.446506
0.142028
0.226755
3.945837
4.832027
3.921408
2.828122
0.956444
4.117407
0.220129
3.820297
3.310589
0.113707
4.934028
3.769056
3.139511
4.465781
1.929416
1.943330
1.989257
3.507852
1.248658
4.911900
4.682306
0.339958
3.179395
4.465607
3.979032
4.882333
0.667146
0.054564
3.731985
3.044444
0.456522
1.706997
3.123316
4.030743
4.108914
3.780471
1.747788
3.755063
3.147597
0.357978
4.906799
1.517665
2.220793
4.726810
1.036444
0.688117
2.723966
3.223089
3.059854
3.144839
4.917175
1.819890
2.008707
4.909758
3.024695
4.425638
3.898818
3.616573
3.948439
3.490665
2.483251
0.519508
1.012561
3.219203
3.737177
4.849641
4.127941
3.530127
0.077238
0.093449
3.538150
1.614260
4.540870
3.041411
3.091329
0.568543
2.570551
4.840670
4.734408
2.502160
4.891488
4.701092
4.041177
2.662587
3.606252
2.133130
3.814175
3.501019
0.211653
0.372354
4.158077
4.942336
4.949719
1.973047
3.362526
0.586067
3.537402
0.496844
3.579380
0.164583
3.612416
2.914943
1.189520
3.656778
2.460394
0.523844
2.234897
4.524140
0.470759
4.357895
4.845481
4.457546
3.070316
2.289305
4.916071
0.257338
1.137693
3.970986
3.483018
4.878876
2.894748
4.916750
0.488449
1.185081
1.174781
4.078313
2.516296
0.034276
3.472579
1.758422
3.411664
4.025137
2.883868
0.704931
3.188101
2.404400
4.925307
1.163665
2.359135
2.067355
3.430251
1.864839
0.114238
1.343977
2.013559
0.318781
0.331616
4.888686
2.243820
2.588522
2.141247
0.395613
1.825367
3.470762
2.818526
3.507085
0.111263
3.115405
2.016989
2.985121
4.464610
4.919018
1.392258
4.908291
0.221010
0.545632
0.063024
4.593618
3.741166
3.612361
4.788391
0.968410
4.767333
1.187589
2.379591
3.915742
0.354863
4.939049
2.769156
4.933237
0.367401
4.872658
0.359427
3.243366
0.432281
1.897572
2.884462
4.920730
3.537178
4.293852
3.407655
1.957115
0.195039
3.519450
3.764950
0.076187
1.261666
3.940253
0.916759
1.511313
3.685628
3.393558
0.689598
0.087061
4.937912
1.491307
2.941324
4.940689
1.284081
3.218459
0.917582
0.829005
0.075192
2.426093
3.261283
4.194063
1.660799
4.580304
4.918904
0.377774
2.408435
4.186501
2.313701
4.935005
2.915233
2.422352
1.154530
2.014656
3.757830
0.229618
4.925799
2.749461
3.632478
0.197398
4.459571
0.691764
2.873805
4.003055
3.572128
4.887413
3.869864
3.500558
3.379948
3.551143
3.562008
1.902665
0.584653
4.908076
0.259328
4.932111
2.107766
2.131676
0.984611
2.867665
1.051113
4.166300
3.245053
0.652972
2.755964
0.185755
0.587764
1.340014
2.650412
0.756832
1.287626
0.519732
1.783001
2.048938
1.874607
2.412252
1.060419
2.685760
4.842582
0.932788
2.981036
2.981494
1.008341
0.261102
2.879657
0.670261
0.477925
0.130959
0.936916
0.767479
0.670809
1.073272
2.163520
0.716942
2.300297
2.642273
2.961167
0.997017
1.584317
3.286404
4.050755
4.899321
1.096548
2.119390
3.233572
4.925491
2.808056
0.978777
3.812548
2.238393
1.047950
3.028563
2.268598
0.740146
4.487541
3.158944
3.128066
1.074668
1.787189
1.027006
1.414754
1.936823
4.928148
2.589690
1.061647
1.697850
1.938411
1.219124
0.848176
3.247419
4.712438
2.204743
4.898544
3.025547
1.917805
1.445487
1.337802
2.990054
2.648522
1.681244
2.027140
3.310456
0.484743
4.629816
1.312135
2.238295
1.795768
2.448798
4.609825
1.101674
0.327231
3.278200
1.653831
0.674873
2.109849
3.952557
2.823491
0.936274
3.001843
2.133416
1.220896
3.165264
1.648394
0.874865
3.114930
2.151624
4.912969
3.334729
1.151673
0.606425
3.397015
2.421280
2.637877
0.496852
3.497141
4.096705
0.698588
2.032148
0.160761
4.893660
1.765009
2.953196
3.056856
0.152693
0.503470
2.972979
1.380355
4.513105
3.719850
2.423808
0.904029
3.032226
3.645473
1.781196
2.741416
3.907785
1.098953
1.868062
1.284491
4.606399
1.273421
4.788719
3.906031
3.494953
4.122399
2.897667
1.801325
4.365814
1.135740
1.035325
1.689843
3.770523
4.573631
1.766398
4.146102
1.561270
1.657102
2.700560
0.823221
2.332475
4.577462
1.176535
4.219627
2.920367
2.852188
2.773579
2.455512
4.518286
1.563020
4.829649
4.763278
0.737124
1.480095
1.834623
1.035961
3.436181
2.909758
1.149289
1.956239
2.259840
3.439776
3.306447
4.050694
0.925167
1.454543
3.946322
3.068637
2.589825
4.779051
1.573857
3.279813
1.482368
2.965624
1.975211
2.697622
3.716273
3.948551
3.376779
3.397927
4.905990
2.761669
2.185524
2.567066
1.082261
2.444715
2.555043
3.369662
1.337645
1.028498
1.476826
0.991803
0.993985
3.443046
3.477960
1.169055
4.621239
4.863419
1.352093
1.312444
1.510884
3.552785
0.917040
3.417383
4.715798
3.214632
3.459596
2.180547
2.777671
1.965107
0.593951
2.046311
1.016079
1.720730
4.790718
2.163081
3.406363
4.483024
2.297675
1.354525
1.832535
1.892601
2.407881
1.518264
1.862289
3.480083
1.210770
2.233827
1.447467
3.351561
1.573848
2.325521
4.577726
4.025543
3.542716
1.309924
3.410077
4.738836
0.326716
1.089613
2.161907
3.725930
4.360539
3.272705
2.797079
3.657417
1.671121
2.072891
1.272950
2.826443
4.874895
4.213617
3.792806
1.502843
0.912931
2.137571
1.148162
1.425859
1.429683
4.710152
4.730543
3.320278
2.006465
0.817956
2.138595
4.930112
2.118182
2.296911
3.812920
1.220376
1.218505
3.003266
3.211148
1.232290
4.039900
0.914792
1.598708
1.657991
1.779594
1.140189
1.494704
2.885671
4.906350
2.580321
3.068233
4.562289
2.146960
3.763539
1.250973
2.932490
4.386170
4.022858
1.258531
1.814405
1.277941
4.552254
2.959744
1.975816
2.494194
1.680012
3.466599
2.160412
1.837403
2.986666
1.959796
3.620996
4.358573
1.848958
2.625697
1.781609
4.293111
2.624287
3.140843
4.171886
1.645104
1.212160
3.739027
1.799354
1.982991
3.764394
3.445092
4.653800
3.949894
3.570218
2.647921
2.149678
3.823807
3.495836
3.937238
4.801647
4.438422
4.907875
1.443766
0.807802
1.665837
1.595279
2.936848
4.597918
4.130946
3.092667
0.922878
1.007215
1.302335
0.655934
0.804348
0.886481
4.464732
3.537881
1.346999
1.623284
3.755295
3.627400
4.349708
1.737243
4.458810
3.914207
1.597796
3.651818
2.967987
2.957931
4.032089
1.123816
3.595931
3.341330
4.127167
3.281307
3.439667
4.943185
3.138802
1.329802
3.821976
3.856841
4.195131
3.732290
3.105235
1.273725
3.991753
4.162395
4.637195
3.155674
4.588492
4.618908
3.131394
2.390236
4.079409
3.680169
2.642712
3.712729
1.380990
1.743193
3.872506
3.866858
4.911846
3.476078
3.146595
4.342827
3.941054
3.172891
3.313248
4.400084
3.618568
4.696818
2.427169
4.018868
2.126135
3.564391
3.457697
3.347614
3.611783
4.871749
3.240655
1.953822
1.593817
2.899706
3.087935
3.233973
2.643739
4.665427
3.803185
2.962909
3.347753
2.846920
3.555003
4.328689
3.146504
3.427655
2.475730
3.382632
4.189158
4.060778
3.045682
2.725151
1.833614
3.397248
1.442725
4.213856
3.262195
3.572261
3.554166
3.644297
2.348621
3.598685
4.030429
3.685538
3.636710
3.147984
2.911954
2.746670
3.248647
3.532043
2.949674
4.124012
2.565737
3.303480
4.907080
4.352647
4.004108
2.699163
4.812164
3.330153
2.581292
3.135781
3.049571
4.551023
3.136646
3.529273
4.369587
4.296291
1.771609
2.923670
3.099560
2.569213
3.045879
1.605969
3.308401
4.083518
3.004854
3.153694
4.320264
3.397575
3.231257
2.577212
3.049355
4.119142
2.718045
1.859735
3.825275
3.906057
3.639861
4.479316
2.540728
3.767486
3.492206
4.031323
3.501798
4.853992
3.200743
2.902537
3.808714
3.547266
1.713923
3.488593
3.446950
3.455142
1.672773
3.734537
1.993088
3.822484
4.767046
4.186387
3.229829
4.946082
3.597905
3.068659
3.516474
4.588818
4.934830
3.319514
4.250843
3.344210
3.331209
3.574458
2.464626
3.014512
3.127566
4.412624
4.888633
3.893018
4.171443
3.644596
3.138022
3.050750
3.974992
4.033607
3.287730
4.702646
3.824296
2.766485
3.002838
2.835758
4.384554
3.409628
2.376948
4.125328
2.011837
3.106009
3.550185
4.498328
2.122026
3.406503
1.087429
2.498234
2.206363
3.496755
3.783337
3.715734
1.912423
4.048057
3.838344
2.990133
0.986667
3.360493
3.917028
2.405974
3.763172
2.033630
3.785509
3.480233
4.897805
4.116997
4.015405
2.834070
3.312444
3.412283
3.603919
3.254934
2.139434
2.545927
3.817161
2.245799
3.583064
3.674426
3.438234
3.182662
1.863880
2.957877
3.167041
0.986409
4.795045
3.975866
4.564186
3.589757
3.493677
3.337800
4.317236
4.378399
2.888501
2.672921
1.005883
4.791973
3.261107
2.640502
4.722436
3.107777
3.977603
3.879655
1.821004
1.235762
3.678880
4.707957
0.575592
2.467056
3.219330
1.505097
3.226218
1.031612
4.912086
1.577648
0.874029
1.376843
4.518585
3.963601
1.820661
1.034704
4.831993
3.258512
4.135670
0.335383
0.131974
4.880986
4.927313
4.846526
3.449561
3.565994
0.123825
4.196121
0.628549
3.365033
3.280488
1.138234
4.894692
4.108994
0.300929
3.685106
1.087884
3.649125
0.262541
1.684228
4.562501
1.397602
4.239615
0.440383
0.085835
4.902122
1.620622
3.609894
0.230161
1.463747
3.759181
2.838496
3.270846
0.213399
4.139826
4.860668
3.536255
2.841371
4.557900
3.263987
3.402048
1.721002
1.807157
1.156775
1.549796
4.412777
4.323330
3.944267
3.441450
2.496389
1.498681
3.438967
4.878736
3.805846
3.369543
4.902074
4.222330
1.731400
3.058186
2.393440
4.409282
4.510863
2.778309
4.909940
3.729374
0.991748
2.016721
1.632812
2.505441
1.440797
2.975210
3.927646
3.000461
1.404296
3.322542
2.934015
4.882316
4.834566
2.549880
2.269790
1.927309
3.490699
4.076178
3.992798
1.821767
1.173106
1.259613
1.704658
1.272260
0.407120
1.516867
3.537306
1.831312
0.259629
4.909729
4.141026
1.142076
0.228761
4.582331
3.911031
3.398522
4.318083
1.767687
0.201984
4.677268
1.306957
4.473482
3.588712
4.682436
3.669437
0.656199
3.540627
1.244897
4.077998
3.406437
3.534007
3.925586
0.784180
1.530478
2.414771
3.330489
0.821065
3.851259
3.580824
1.466375
0.699658
3.750672
0.686819
4.641150
0.382152
0.395969
3.439597
4.280628
1.314885
3.742453
4.441245
1.371327
0.079504
2.342412
4.492942
1.110046
4.410783
3.684644
2.700879
1.228376
4.931568
1.101486
0.637800
4.473445
2.548681
3.023072
2.777962
2.076721
1.718075
0.931288
1.732226
1.065537
1.793523
3.102916
3.540427
4.946279
0.838538
2.956511
2.617833
4.880374
4.900634
4.854356
2.075193
0.317836
4.838992
1.438586
4.620780
2.283909
4.615492
4.804314
4.886603
3.553382
0.313146
4.905287
4.575940
2.542473
1.566628
1.425402
2.002224
4.717256
4.732208
4.308987
0.850430
1.961361
3.487386
4.773022
2.740757
0.602695
0.893990
1.829862
4.541209
4.935386
4.879762
1.941905
4.863163
4.930241
4.911642
4.899964
3.694375
1.770005
2.626881
4.930948
3.623570
2.922446
0.710163
3.572061
1.300969
2.700072
4.814466
1.625318
1.239425
2.013217
0.580999
0.670087
1.212890
0.929450
1.254762
1.894704
0.737106
1.338501
1.452497
1.163613
0.745218
