1.935961
2.470978
4.916105
4.981709
1.662131
1.466351
3.153097
1.527288
2.209795
1.425820
1.425820
4.877243
0.495310
5.021393
1.343257
1.657646
4.006563
2.973366
3.719985
0.796240
1.439418
0.583104
5.012675
4.931879
1.062728
3.144291
0.539323
2.285422
0.352192
2.341476
2.844811
4.068874
1.062520
4.073678
2.204375
0.289751
0.583103
1.509967
3.476036
0.519410
4.346989
2.271943
2.492319
0.547334
1.299563
0.300882
0.333085
0.415273
4.498352
1.929117
0.869302
1.105451
0.399231
0.495919
1.299863
0.093985
2.936763
0.732894
3.576812
0.766115
4.734829
0.015801
3.114936
0.909588
3.049306
0.595939
0.333950
3.152637
-0.023545
3.982984
2.162189
4.105596
0.027603
4.025011
4.295455
0.274376
0.366808
-0.067395
2.170356
4.159398
0.271961
0.649112
1.730563
0.644163
0.744865
1.374908
3.659664
4.186883
3.146972
1.271004
1.544763
3.691733
0.617080
3.569416
2.178259
4.856662
3.862117
3.732408
2.110673
3.494330
-0.001000
0.695624
2.836129
2.967782
3.551279
2.536206
0.187448
2.578945
1.111534
3.482365
2.526891
3.209083
2.523907
3.806136
-0.100099
-0.028620
3.608359
2.451214
0.277390
0.326966
0.241946
0.236454
0.140192
0.055718
-0.117584
4.833036
0.219954
2.082826
5.027690
3.020552
4.722753
1.969807
2.072309
4.867507
2.236609
4.796566
4.949280
1.478503
1.551327
4.488857
4.881239
3.493228
4.008921
4.794702
1.505749
1.154570
3.217011
1.803605
1.334845
0.481501
1.524757
1.278160
3.228124
3.337126
2.930439
3.747823
0.183757
0.655488
3.627504
0.457680
4.913252
2.115749
0.876025
2.797148
4.541299
3.321540
3.622318
3.426287
4.910214
3.735893
1.612475
0.352629
3.990348
3.684860
2.386460
2.362785
3.105011
3.853577
0.198813
0.142448
0.152418
2.892250
2.824595
0.876563
1.814300
0.183003
-0.032669
0.315982
0.335532
0.206244
3.500159
4.454853
1.271593
2.563388
2.699416
2.501863
3.649305
0.399923
0.016846
2.697304
0.217111
0.589430
0.174426
0.532230
0.463080
0.588418
3.556817
-0.115742
2.799209
0.515842
0.258100
0.402223
0.188668
0.508855
2.725669
0.606674
1.794224
2.514146
3.306731
2.856642
0.233425
0.066326
0.369146
0.841413
0.058157
0.117771
1.752609
2.109668
0.040441
1.185461
-0.065003
-0.030286
4.656492
2.334550
3.438184
2.448145
0.067827
-0.093650
0.101197
-0.053862
1.928505
-0.163101
-0.048943
-0.072954
2.284605
0.147642
2.999254
2.465562
-0.113584
0.171820
3.478882
4.360812
3.719021
2.547485
0.557449
4.091154
0.216685
3.415030
2.808720
0.117592
4.994279
3.752670
2.952215
3.634784
2.620541
2.556904
2.811301
3.608160
0.736113
4.986806
3.042787
0.269091
3.039866
4.176770
3.963627
5.023389
0.606556
-0.003564
3.539854
2.112321
0.878070
2.405054
3.298026
4.354651
3.162805
4.301244
1.210125
3.631572
3.149352
0.603614
4.756081
1.097588
1.277879
4.545147
0.231737
0.297198
1.417381
3.124347
2.905901
2.424316
4.945139
2.398641
1.599330
4.083812
3.242940
3.178285
4.794167
3.490824
2.984365
3.278244
2.132466
0.430529
0.447621
2.456269
3.541045
4.088270
3.628928
3.051575
0.092969
0.029291
3.019456
1.829597
3.487393
2.541346
2.112664
0.075317
2.373294
3.389027
4.033957
2.609311
4.916900
4.134537
3.526144
2.608325
3.209018
2.047999
3.413396
3.948541
0.175296
0.659300
3.070364
4.697803
4.936258
2.096418
3.074216
0.366091
3.217624
0.584315
3.826035
0.101050
2.491405
2.690573
0.520707
3.815310
2.128701
0.166317
1.591243
4.936144
0.219689
2.844445
4.221921
3.939710
1.890348
3.058032
4.855496
0.124370
0.770326
3.295412
3.219533
4.473389
2.664326
4.775001
-0.004492
0.157597
0.817068
3.340119
2.123677
-0.051476
2.369507
0.940510
3.424114
3.610982
1.898615
0.314495
3.432912
2.001707
4.898850
1.437235
3.091749
1.764619
4.787999
1.951603
0.057735
1.261426
2.111392
0.227425
0.383389
4.943512
2.852187
2.718289
1.831274
0.086506
1.549549
3.365453
3.056855
4.152288
0.050298
2.668444
2.367355
3.259879
4.257218
5.070301
1.535565
4.558669
0.585216
0.876285
-0.067626
4.812184
4.196540
3.019641
4.722112
1.060391
4.957043
1.442292
1.854055
3.217643
0.031037
4.964741
2.538142
4.976157
0.637689
5.042911
0.209951
2.793658
0.136817
3.180860
3.203892
5.005092
3.362867
4.910113
2.763036
2.175763
-0.004572
3.730584
3.301100
-0.081084
2.615838
3.818895
0.240547
1.314407
3.196253
3.165525
0.150259
0.092484
4.883927
1.358087
2.018638
5.014908
1.544977
2.552643
0.307448
0.804843
0.146072
1.719563
2.522442
3.502006
1.898270
4.911212
5.001638
0.103029
2.280983
4.311264
1.911769
4.846609
2.362240
1.706170
0.736214
2.037513
4.591796
0.172910
4.836841
2.481968
3.902574
-0.032478
4.183697
0.209531
2.675778
3.177091
3.293121
4.755810
3.823361
3.657310
3.801094
3.157635
3.531995
2.030280
0.549661
4.868024
0.236469
4.953434
1.581418
2.191578
1.338791
1.825946
1.547361
4.609026
3.306922
0.938966
2.800381
0.066639
1.031387
1.525721
2.167761
0.241809
1.216172
0.229555
1.832091
1.878467
1.760129
2.792125
1.603187
2.165998
3.638423
1.618738
2.724735
3.374754
1.091994
0.497348
2.305741
0.414672
0.841299
0.076329
0.834438
0.409675
0.991908
0.707073
1.972147
0.851001
2.925946
1.884632
2.303490
0.562368
1.516432
3.586312
3.576355
5.027291
1.578502
1.872720
2.945698
4.874703
3.297175
1.227242
2.679702
1.490656
1.721812
2.626658
2.531513
0.845366
4.824991
3.859216
3.522671
0.423662
1.456174
1.055125
0.890445
1.881756
4.990720
3.047634
0.702920
1.297335
2.311978
0.630642
0.042883
3.151421
4.896915
1.819698
4.534622
2.693653
2.208169
1.358839
1.238984
2.852286
2.291664
1.589311
2.010106
3.794337
0.642221
4.364526
1.464074
1.339568
1.520749
1.708200
4.209869
0.720264
0.429595
2.811881
1.950682
0.556523
2.927375
3.872217
2.247096
0.213770
3.257422
1.305362
1.052516
3.508844
1.798085
1.083020
2.937287
2.075661
4.817691
2.250238
1.100705
1.136279
2.835478
1.620014
2.112308
0.134666
2.511574
3.255021
0.531447
2.626888
0.375680
4.895910
1.192578
2.557001
2.610522
0.266869
0.916367
1.656707
1.563808
4.787077
2.937101
2.510189
0.842091
2.826147
3.815582
1.852828
3.825290
2.130664
1.242761
2.259520
1.377333
4.032817
1.546491
4.658272
3.287738
3.131139
4.422134
3.674705
2.238364
4.483429
0.809791
1.009206
1.287318
2.997910
4.223973
0.744457
1.635209
2.020972
1.662737
2.200514
1.002380
1.461892
4.778939
1.049964
3.390027
2.451763
2.583818
2.630046
1.798657
4.400905
1.541923
4.717293
4.200758
1.049825
2.115969
2.837058
1.062559
2.798789
2.727495
0.983050
2.300111
2.620323
3.387120
1.783958
2.735050
2.171242
2.995729
4.882437
2.699061
2.015864
4.796557
1.748776
2.156537
1.184746
2.686148
0.617940
1.698971
4.129766
3.058941
2.004151
4.281891
3.504700
2.475212
1.655414
1.993513
0.947569
1.870055
1.757045
4.139079
1.365432
1.270149
1.406842
1.080643
0.895062
1.908651
4.087941
1.471835
4.643393
4.901000
1.720362
1.310732
0.993303
4.053323
0.613571
3.154845
4.575436
3.114348
3.290237
3.411892
1.529203
1.742671
0.253673
2.621566
1.105368
1.928618
4.610490
1.813982
2.860552
4.534555
1.211508
1.377951
2.106464
2.099844
4.088757
1.277536
1.901575
3.773896
1.254416
1.108078
0.792757
3.036466
1.190192
1.594790
4.574386
4.257094
3.983257
2.029574
4.574950
3.728301
0.356056
0.294658
2.323053
2.896517
4.443675
3.032021
1.677228
1.966602
0.619275
2.735119
1.293137
1.126143
4.709833
4.012983
4.102972
0.927793
0.944139
1.189554
1.016389
2.456609
0.984369
4.807419
4.538725
1.906886
0.815940
0.774172
1.203369
4.764585
1.477635
1.481779
3.339843
1.098476
1.469918
2.574386
3.330972
1.615362
4.776883
0.554340
1.565430
1.728702
1.985408
1.555424
0.737437
1.817397
4.768338
1.144986
2.634602
4.600826
1.425345
3.168509
1.610839
1.120795
2.811988
3.135691
1.221660
3.186507
1.060958
4.269983
2.380788
2.913554
2.034967
1.161543
3.592484
2.242418
0.643826
2.294206
0.816744
4.348708
4.866599
1.537465
2.790374
1.407156
3.856307
1.663004
2.881695
4.635030
0.906323
1.189062
3.119668
1.999719
1.187758
3.699416
3.011297
4.146494
3.902620
2.085965
2.659831
2.096098
3.526219
4.141687
1.926046
4.430809
4.595140
4.827200
1.031861
0.918509
3.053253
2.039047
2.364807
3.644119
4.366722
3.191075
1.190702
0.774464
0.802472
1.051341
0.921706
0.547511
3.357490
3.484366
2.445685
2.058085
3.878913
2.368533
4.499711
2.059428
4.649437
4.737260
1.618348
3.711065
3.094679
2.540932
4.141524
1.262128
3.266696
3.564609
3.463243
3.162878
2.874691
4.845333
2.587282
1.157870
3.341159
3.323326
3.826315
3.141885
3.053679
1.049396
3.526133
3.465735
4.208164
2.963938
4.024628
4.462564
3.473128
3.114158
3.372591
2.881775
2.919896
3.537292
2.104252
2.268583
3.176453
3.688788
4.617867
3.386620
2.949760
3.918065
3.764240
3.404827
3.062235
4.742728
3.314859
4.214313
1.807423
3.762423
2.072826
3.440330
3.087095
3.244850
3.148543
3.764730
2.710417
1.276025
1.466671
2.694462
2.884274
3.107131
2.380978
3.087090
3.659838
2.755523
3.108725
3.164118
3.956903
3.874015
2.752426
3.124827
1.727271
3.001458
3.790282
3.922356
3.169631
2.633064
1.824145
3.106658
1.387134
3.595163
3.129656
3.362798
3.141416
3.851223
2.316780
3.175386
3.774645
3.312447
3.520627
2.779080
3.453234
2.072633
2.851347
3.532205
2.334146
3.798607
2.570535
2.721014
4.703126
4.032835
4.128753
1.806621
3.515760
3.042899
2.196927
2.779498
3.080165
3.811129
2.848607
3.535571
4.197852
3.435732
1.400527
3.863366
2.759640
1.944499
2.089846
1.617350
3.431480
3.629112
2.725179
2.816960
3.955536
3.814953
3.302257
1.472030
2.842021
3.877087
3.096161
1.454278
3.280244
3.908830
3.276530
4.405363
2.672968
3.290054
3.456333
3.562469
3.569144
4.727292
3.423362
2.917117
4.227730
3.549134
1.574234
2.572795
2.869520
2.946028
1.561494
3.819127
1.660065
3.551010
4.405655
3.701345
2.840571
4.079116
3.806277
2.609707
3.541293
4.265602
4.733056
2.968469
3.277922
2.798140
3.399393
3.359046
1.537825
2.099121
3.096051
4.006155
4.362007
3.243989
4.017522
3.506342
3.298684
2.303756
3.663926
3.378287
2.832864
3.122038
3.222723
2.923223
2.431311
3.215967
3.796577
3.282294
2.089922
3.233947
2.058768
2.589622
2.787324
4.891162
2.413026
2.919744
0.607910
3.301496
1.632083
2.663959
3.658061
3.449424
1.667710
4.218481
2.826674
2.866188
1.000693
1.782192
3.827364
1.969452
3.741501
0.761249
3.306326
3.333199
4.879055
3.854768
3.864296
2.860705
3.205821
2.876039
2.808634
2.546463
1.792477
1.495859
3.612408
2.410876
2.863739
3.533629
3.219954
2.404732
1.588682
3.305624
1.939903
0.891337
4.652419
3.176909
4.136908
3.517673
3.579227
2.602935
3.907179
4.752872
2.687634
2.101138
0.687686
4.255637
3.085285
2.470658
4.399326
3.077968
4.240058
3.637711
2.304097
0.884203
4.372601
4.841434
0.709780
2.251565
3.073634
1.824007
3.273935
0.983281
4.837096
1.175341
0.932328
2.180030
4.221059
3.653626
2.039574
1.455272
4.656075
3.613219
3.741893
0.240409
0.023238
4.984872
4.351900
4.924506
3.979787
3.901254
0.082038
4.637038
1.237235
3.755832
3.382911
1.010499
4.731008
4.241080
1.076270
4.184989
2.062587
3.251741
0.426339
2.033184
4.495563
3.118574
3.583324
0.454063
0.433529
5.017341
2.018513
3.032279
0.661635
1.032295
3.851823
2.609822
3.361607
0.564202
3.921486
5.022273
3.382364
3.134163
4.576659
3.201553
4.254773
1.971633
1.536122
0.981320
2.553610
4.349006
4.039069
3.432775
3.169784
3.300792
1.700155
2.448731
4.202388
3.494921
3.261380
4.968193
4.000393
1.663840
2.151558
2.611540
3.734556
4.956456
2.123337
4.989726
4.715325
2.033329
2.124263
2.231367
1.429188
1.226650
3.011981
3.692340
3.231102
1.385874
2.755519
2.872480
4.877629
4.813569
2.798978
3.037672
2.982581
3.148166
4.262446
3.963885
1.626809
1.868173
0.963392
1.238518
1.194414
1.504909
2.404857
2.832265
3.690376
0.292537
4.908446
3.983502
0.909780
0.272662
4.573499
3.370313
4.043117
4.063227
2.479621
0.281929
4.742475
2.849423
3.969751
3.763405
4.497315
2.844405
1.159829
3.200486
1.009928
3.906336
3.827383
3.293583
2.902305
1.166230
1.892075
2.570026
3.073853
0.637616
2.255342
2.933691
1.874074
0.763611
3.244184
1.116764
4.455000
0.293163
0.907907
2.815428
4.668807
0.995417
3.291049
4.300029
1.794064
0.006308
2.253875
4.348658
0.481222
4.063110
3.479003
1.770931
0.507287
4.420458
1.084579
0.602185
4.277122
2.623133
2.187613
2.579717
2.012250
1.645815
0.641454
1.673026
1.090029
1.919060
2.525438
3.918389
4.897779
0.687860
3.110543
2.558661
4.606975
4.556901
4.905544
1.663989
-0.014023
4.913467
1.444498
4.438005
2.522159
4.805034
4.769947
4.925606
3.665203
0.612592
4.795952
4.244161
1.658037
1.218484
2.040411
2.117993
3.822946
4.057343
4.097445
0.625163
2.635576
2.932245
4.191650
2.681847
0.254358
1.798631
2.529584
4.271387
4.966560
4.944991
2.550807
5.072990
4.908098
4.749888
4.999326
3.950125
1.055891
2.757214
5.057826
4.621830
2.110844
1.429266
3.430142
0.825747
2.638513
3.878783
1.579210
2.064143
1.548920
0.562238
0.586718
0.797639
1.244517
2.088054
2.171235
0.732388
1.132703
1.238271
0.728010
1.716366
