4.266966
4.380770
5.044897
5.048860
1.724277
1.744875
4.563903
1.765008
2.674456
1.741053
1.741053
5.052292
0.593430
4.963707
1.429704
1.738608
4.753632
3.210951
3.204925
0.834823
1.658564
0.980480
4.992664
5.030627
1.159822
4.481528
0.983703
1.906874
0.374897
3.042444
4.538980
4.796185
0.786266
4.818563
2.828282
0.425614
0.713600
2.449288
4.653339
0.476691
4.982363
3.526893
3.116009
0.645788
2.093016
0.711844
0.334757
1.291128
4.883622
2.655486
0.777858
1.667368
0.547493
0.519821
1.452096
0.050646
4.160568
0.697748
3.168195
2.036135
5.007603
0.077402
3.849425
3.638364
3.929511
0.443311
0.443027
4.039768
0.116156
4.930217
3.209793
4.326560
0.182879
3.932168
3.930785
0.124942
0.565139
0.078318
4.510180
3.488587
0.248609
0.751159
3.528005
0.971117
0.519572
3.060588
3.679407
4.948270
3.779186
1.659693
1.868360
3.941453
0.699347
4.063066
1.726838
4.951166
4.546380
4.655899
2.798555
4.167433
0.101031
1.328722
3.511326
3.313956
4.070353
3.028200
0.025019
3.064330
1.842156
3.778345
2.583404
3.460954
3.735026
4.338096
0.001088
0.145889
4.732827
3.160232
0.031630
0.593996
1.266637
0.221785
0.126524
0.319075
0.087020
5.022112
0.574184
2.393894
5.085648
4.333010
4.859906
2.081880
4.079055
5.013189
4.023466
4.920829
5.050651
2.351989
1.754589
5.100497
4.932034
4.512943
3.648471
4.929149
1.739527
1.516100
4.664041
2.797191
1.833585
0.829989
1.686697
1.517082
3.287346
3.212061
3.865728
4.762152
0.428906
0.801327
5.013532
0.570453
5.044220
2.521072
1.398168
3.287766
5.045373
4.346771
4.865234
4.004665
5.027703
4.417781
1.773218
0.322437
4.716030
4.957917
4.792530
3.820989
4.792661
4.415276
0.456686
0.221982
0.146170
3.509662
2.376668
0.538899
2.054248
0.418480
-0.049892
0.326392
0.616455
0.610224
4.638752
4.943549
1.438841
2.786098
4.455236
4.512390
4.551997
0.653000
0.002684
3.014662
0.623636
0.832490
0.569642
0.755396
0.817753
0.879313
3.416992
0.070435
2.262436
3.479829
0.658822
0.333698
0.222584
0.939127
2.774899
0.576738
3.071741
3.753273
3.718263
2.237050
0.444120
0.228069
0.721808
2.500988
-0.040067
0.862856
2.446631
3.309867
0.069902
2.061280
0.211063
0.020386
5.003437
3.870489
3.333352
2.617932
0.118426
0.062326
0.335360
0.150784
3.372310
0.135209
0.009829
0.101407
3.890243
0.610357
3.500103
2.839314
0.044244
0.027123
4.095433
5.055101
3.309875
3.119447
1.473805
4.264304
0.095086
4.253976
3.457927
0.068785
5.083092
4.419811
3.934217
4.484933
1.842854
3.072362
2.061422
4.248546
1.433151
5.095532
4.558195
0.265459
3.368657
4.563238
3.919221
5.084706
0.842451
0.210669
3.704745
2.954426
1.599191
3.411155
3.975606
3.714969
3.594750
4.666982
1.841182
4.474815
3.927098
0.801125
4.931594
1.654976
2.281886
4.832214
0.492112
0.830567
2.610728
3.884008
3.364629
3.219738
5.113317
3.935918
1.151320
5.057748
3.712584
4.620791
4.185885
4.129307
4.698934
4.234353
1.412738
0.408745
0.618941
3.005609
3.721288
4.747090
4.058678
3.726318
0.003443
0.117550
3.595118
3.792020
4.301771
2.824088
3.127997
0.172842
2.915272
4.205461
4.705653
3.586462
5.064106
4.896238
3.558999
4.002044
3.596462
1.249584
3.897163
3.126351
0.274310
1.143527
3.614972
5.034055
5.081638
3.013871
2.796180
0.690153
4.832599
0.276545
4.204167
0.766242
3.711466
4.091130
0.865759
4.408169
2.337124
0.274268
3.288986
4.961553
0.287990
3.778296
4.793200
4.862131
3.404612
3.654694
4.839498
0.262092
2.353370
4.110495
4.623880
5.044627
3.185936
4.595710
0.578935
0.778475
0.790066
4.368707
2.546010
0.006135
1.905432
1.874394
3.902960
4.344568
2.561465
0.448999
2.887025
2.576884
4.815599
2.522854
3.342503
2.491819
4.831276
2.614515
0.147006
2.119274
2.563487
0.286886
0.399203
5.069396
4.196211
3.079965
3.586101
0.469128
2.961334
3.621916
3.072201
4.537535
0.117132
3.354206
2.952592
3.852823
4.542518
5.020814
1.137099
4.714385
0.421468
1.953476
0.208575
5.046548
4.917984
4.270068
5.012882
0.848913
5.094875
0.910236
2.460402
3.220233
0.047326
5.092180
3.367790
5.033418
0.820894
5.093078
0.376091
3.182540
0.563776
2.870580
4.114439
5.086418
5.066833
4.650113
4.027789
2.911387
0.077506
4.505250
3.638621
0.043228
1.225788
4.069820
0.733737
1.542315
3.739540
3.522314
0.240057
0.198926
5.095227
3.132679
1.680282
4.982121
2.151704
3.028496
0.364509
2.230072
0.049746
2.269530
3.065464
3.735889
2.554796
5.058580
5.023114
0.937410
2.500219
4.633519
2.253106
5.071668
3.717915
2.624152
0.799970
3.307394
4.536928
0.150341
4.978596
2.734728
4.283421
0.136894
4.725788
0.753542
2.271220
4.303880
3.620117
5.021937
4.448309
4.395959
4.194709
2.900196
3.828116
2.652257
0.714603
4.815329
0.514777
5.080473
1.510128
2.086792
2.680291
2.700891
2.701615
4.506416
2.991256
2.028169
2.963918
0.187558
1.447915
1.728327
2.953565
1.115602
1.077186
1.851662
2.457911
1.612867
2.350057
3.764007
1.550071
2.648082
4.164815
3.389848
3.321048
3.458274
1.936780
0.392076
2.130354
2.315630
0.949840
-0.029715
1.362912
0.854515
0.876606
1.139264
1.798151
1.826759
3.259384
3.208428
2.751966
1.532942
1.530468
3.905857
4.366146
5.080285
2.347831
2.910817
3.682548
5.027583
3.348027
1.578463
4.794617
2.355898
2.358711
2.999746
2.960248
1.770319
4.909311
3.901344
3.803439
0.357006
2.820349
1.961007
2.696955
2.883202
5.055085
3.756722
1.660916
2.323657
3.882088
1.277512
1.171795
3.754927
4.853220
2.717354
5.084291
4.234754
2.661389
1.818105
1.262531
2.757181
3.786249
1.782776
2.967984
4.451736
1.226678
4.918077
2.525234
2.603324
2.096915
1.594497
4.636065
1.893587
0.267713
3.140203
2.679431
1.982248
4.123480
4.339072
3.234731
0.232023
4.909907
1.812504
1.390484
4.464751
2.766394
2.975405
3.503038
2.950364
5.088169
3.318965
1.306742
1.409899
4.016681
2.625646
3.548699
1.384578
3.786061
4.030267
0.929524
2.121798
1.622962
5.084726
2.512540
2.748536
3.547811
0.820877
1.120736
2.138248
2.547708
4.250926
3.258208
2.619751
2.275032
2.723568
4.409131
4.157787
3.407552
4.268272
1.164131
3.204084
3.268730
4.678169
2.858726
4.789224
4.223140
3.640768
4.765081
3.430786
1.406852
4.973993
2.238434
1.365765
2.406731
2.405393
4.635415
1.675653
2.688184
2.829030
2.814140
2.585181
2.288677
2.634574
5.038095
2.100296
4.011930
4.527297
4.759988
3.902310
3.257522
4.850037
2.446721
4.922396
4.584243
1.332119
2.382741
4.082320
1.770127
2.579399
4.093015
1.725889
3.926060
2.837141
3.505783
2.722625
1.554785
1.762484
2.829890
4.755729
2.756473
2.672472
4.921289
2.426884
3.335007
1.910395
3.333920
1.629028
1.358424
4.158401
3.126949
3.767075
4.375157
4.369102
2.792760
2.631966
2.896027
2.242643
3.845440
3.308409
4.184354
1.342189
2.018492
1.445165
1.944176
1.906817
2.733046
3.341849
1.015644
4.774247
4.832292
1.936133
2.536171
3.052938
3.744820
1.002661
3.660019
4.597564
1.702019
3.623096
3.906783
2.873561
2.970181
0.775904
2.959430
1.983035
2.628881
4.638554
2.424697
4.782791
4.478546
3.198146
2.454968
3.116989
2.542395
3.676131
2.874034
1.911429
4.577793
1.564984
1.423508
2.448103
3.043625
1.348130
2.184628
4.248806
4.119880
3.130915
1.605973
4.713175
4.564278
0.728613
1.339013
2.801788
3.548946
4.630492
2.886684
2.383170
2.390824
2.052810
3.338709
2.661473
2.055330
4.883201
3.990281
4.751096
2.692515
1.679082
1.713900
2.133514
2.552726
3.427255
4.936843
4.860472
0.769543
1.520273
1.986640
4.035336
4.984039
2.498150
3.114783
2.270136
3.133135
1.945700
2.613007
3.787018
2.133610
4.854516
0.639254
2.599401
2.943791
2.419542
1.646131
1.171799
4.537431
4.991681
1.931448
3.996152
4.501191
1.769925
2.735489
2.238731
2.000510
2.300727
2.206542
2.380277
3.597195
2.944454
4.887035
2.318379
4.206183
2.724217
1.760456
3.421321
2.494190
2.078137
3.371799
1.925030
4.355776
4.988361
3.288161
3.421221
1.743515
4.537193
3.885898
1.553655
4.896757
1.404788
1.935835
3.333113
2.707530
3.626413
3.223243
3.096496
4.617296
3.793802
4.672831
3.513033
2.214394
4.533447
4.746022
1.789836
4.708025
4.718878
4.999457
2.990532
2.294993
3.030255
4.874742
3.176546
2.755857
4.834051
3.710078
0.978549
2.568567
1.421832
2.314834
1.528636
0.807163
3.090124
3.114510
2.807771
2.007994
3.288844
2.272249
4.397528
2.362984
4.971768
4.854699
1.418362
4.372852
2.651906
3.743716
4.742450
1.763852
4.115044
3.116752
4.102480
3.972313
3.332555
4.975586
3.190217
1.311521
2.532866
4.055510
4.676871
3.101216
2.714064
1.543788
4.053112
4.199125
4.730927
3.012424
4.468515
4.449440
3.145115
3.411266
4.235240
4.230073
3.174311
4.340034
2.910482
2.584554
3.488611
3.532435
5.014654
3.526140
3.393171
4.054911
3.781835
3.289798
3.597260
4.668528
4.025647
4.372686
2.728302
3.283405
3.285363
3.957889
3.588905
3.664640
3.984623
4.875580
2.865726
2.103500
2.486675
3.006905
3.085011
3.203500
3.025902
4.589985
3.405229
3.034710
3.670647
4.561641
3.731537
3.913692
3.015792
3.969171
2.986238
3.384493
4.423160
4.528210
2.865374
3.562130
2.292988
3.200085
1.424110
3.790998
3.174573
2.861942
3.759949
4.216988
2.428447
3.485933
4.839637
3.415862
4.625175
3.555632
3.340654
2.935964
3.634855
3.849166
2.914431
4.256063
3.760952
2.874163
4.924674
4.102242
4.614093
3.178672
4.814182
2.452538
2.543361
2.917705
3.801413
4.435607
3.600045
3.823839
3.919724
4.445152
2.314195
3.801859
3.121348
1.748794
2.585968
2.150970
3.709785
3.004013
3.194465
3.375160
4.161374
4.268665
3.926775
1.732328
2.816288
4.064085
3.629617
3.081308
3.724696
4.003050
4.084399
4.734805
2.977181
4.034480
3.635588
4.506694
3.632322
4.483527
3.794465
3.712417
4.025536
3.623362
2.242625
3.634580
3.624374
3.447864
2.071268
4.399316
1.769053
4.787816
4.917709
3.956664
3.915156
4.875069
3.598118
2.874261
4.148828
4.564111
5.119798
3.495227
3.304927
3.351350
2.996500
4.175172
2.462276
3.037478
3.902347
4.239865
4.816327
3.931251
4.388816
4.129230
3.515530
3.825662
4.442911
4.079903
3.095197
3.792587
3.878516
3.328475
2.712034
2.537912
3.369525
2.849099
1.886801
4.136889
2.303676
3.479906
3.482427
4.981758
3.624742
3.098391
1.589814
3.110417
2.025795
3.787586
4.135433
3.632158
1.673688
3.848691
3.923852
2.977835
1.372123
3.772120
4.108120
3.321722
3.102174
1.265629
3.443873
3.824235
5.067144
4.242207
3.877104
2.966448
3.875740
3.360247
2.546280
3.488509
2.420111
3.008468
3.904363
3.408760
4.006476
4.475865
3.763678
3.466118
2.382422
3.854232
3.536251
1.113812
4.924367
4.458565
4.492801
3.580021
4.197670
3.438565
4.004787
4.462528
3.356616
3.736670
0.730184
4.768127
2.775460
2.885953
4.850297
4.147862
4.595489
4.141829
2.087583
1.271023
4.428508
4.742913
0.910551
2.105309
3.203871
2.467863
2.602019
0.753402
4.753152
1.125848
1.350146
1.803904
5.043662
3.535500
2.738351
1.541073
4.824909
3.758979
4.390398
0.680538
0.054800
5.123986
3.504034
4.945662
3.178859
3.852447
0.792717
4.269378
1.456385
3.469541
3.189002
0.718696
4.977755
3.983899
1.894345
3.930269
1.632177
3.924789
0.548891
1.988624
5.009186
2.389352
4.872096
0.718590
0.477708
5.074987
2.710591
3.268835
1.350792
0.857543
4.289265
3.577088
3.553206
0.685264
3.656970
4.366270
3.631424
1.731377
4.883097
3.651391
4.393409
2.140921
2.743553
1.484863
1.542613
4.303156
4.545020
3.792882
3.447756
3.750032
2.191408
4.843490
4.011151
3.771868
3.136217
5.081186
4.582389
2.154822
2.142324
3.264203
4.239816
4.702038
3.165361
5.119768
4.529493
1.508846
2.527373
1.952510
1.779994
1.846602
2.726802
3.558691
4.149699
2.800490
2.598568
3.245500
5.026516
4.754577
2.968203
4.335907
1.797020
3.407297
4.851470
4.241575
2.404543
2.546902
1.419953
1.365733
1.255673
1.914405
2.416287
4.268787
3.468336
2.435915
5.048221
4.216480
1.833419
0.068484
4.462355
3.221657
4.412215
4.737972
2.470275
0.194772
4.686649
2.718812
4.381413
2.819362
4.663218
2.287751
1.224675
3.596616
1.927644
3.615368
3.970984
3.863009
3.519188
1.237304
1.958587
1.445817
3.421931
1.734627
1.103228
3.845161
1.965573
1.262382
3.481773
1.986996
4.401946
0.082272
0.770159
3.724195
4.172691
0.967149
3.708915
4.713644
0.477755
0.117109
1.190138
4.504997
0.359112
3.700788
3.848162
2.197562
0.811200
4.795745
0.869875
0.823283
4.163587
2.572185
3.689455
2.842069
1.887066
2.157134
1.028277
2.232437
1.138492
1.968754
2.504969
2.905731
4.646050
1.291707
3.984521
2.475749
4.616606
4.600734
4.538248
1.997819
0.000769
4.778933
1.577035
4.899464
2.463180
4.682240
5.041168
5.012650
3.165026
0.874294
4.794291
4.386794
2.253345
1.992929
3.884572
2.694913
4.346699
4.851231
4.269562
1.291596
3.156280
3.296019
4.525864
3.710658
0.603716
1.614156
2.932186
4.603172
5.014694
5.095847
2.674358
5.079313
5.102181
5.061656
4.990639
3.920178
1.569360
2.464537
4.960184
3.977593
2.603983
1.121996
3.306069
0.736975
2.439678
4.332235
2.413150
0.822503
2.064231
0.679975
1.008290
1.147120
1.389626
1.843597
1.627477
0.374845
1.047065
1.691528
0.322593
2.463885
