4.489
4.815
4.807
4.725
4.431
4.584
4.745
4.770
4.748
4.638
4.638
4.769
4.036
4.628
4.431
4.557
4.147
4.837
4.462
3.808
4.578
3.214
4.648
4.721
4.292
4.796
4.383
4.205
4.013
4.790
4.185
4.601
3.764
4.772
4.517
3.069
3.866
4.392
4.701
3.841
4.462
4.568
4.837
3.444
4.295
3.369
2.990
3.811
4.381
3.573
4.032
4.516
3.662
3.221
4.683
3.639
4.706
3.737
3.601
3.732
4.849
3.179
3.675
3.376
4.344
3.895
3.654
4.534
3.152
4.438
4.108
4.710
3.501
4.000
3.793
3.237
3.421
2.589
3.742
4.514
3.144
3.845
3.892
2.684
3.837
3.967
4.226
4.574
3.973
4.108
3.675
4.557
4.150
4.600
3.918
3.770
4.293
4.171
3.849
4.120
3.009
3.764
4.191
3.889
3.952
3.432
3.424
4.087
3.732
4.000
4.493
3.548
4.039
4.389
2.486
2.800
4.337
4.129
2.854
3.873
3.342
3.362
2.726
1.911
3.454
5.000
3.342
4.819
4.505
4.111
4.612
4.707
4.565
4.578
4.392
4.236
4.823
4.594
4.661
4.505
4.842
4.841
4.453
4.663
4.350
4.660
4.242
4.454
4.784
4.153
4.858
4.508
4.760
4.837
4.685
4.312
2.961
4.355
4.785
4.264
4.817
4.651
3.825
4.835
4.514
4.648
4.228
4.165
4.217
4.544
4.770
2.646
4.587
4.446
3.812
4.561
4.596
4.546
2.937
3.767
3.767
4.403
4.304
3.323
4.248
2.885
3.232
3.193
3.713
2.606
4.413
4.600
4.327
4.056
4.394
4.098
4.246
3.197
2.861
4.089
3.251
3.468
3.180
3.253
2.918
3.619
4.505
3.021
4.514
4.244
3.615
3.678
3.106
3.985
3.834
3.966
3.962
4.201
4.326
3.124
3.051
2.295
2.604
3.536
2.757
3.203
3.759
2.811
2.785
3.854
3.072
3.102
4.528
4.483
4.294
3.426
3.074
2.727
3.428
2.661
3.238
2.237
3.189
3.210
3.338
2.791
4.375
3.471
2.725
3.424
4.086
4.755
4.347
4.276
4.184
4.309
3.726
4.623
4.049
2.701
4.795
4.584
4.545
4.782
4.306
4.138
3.905
4.082
4.310
4.840
4.598
3.791
3.878
4.184
4.695
4.938
3.822
3.633
4.728
4.142
3.363
4.034
4.483
4.383
4.579
4.423
4.418
4.656
4.708
3.956
4.560
3.769
4.000
4.653
2.658
4.054
3.717
4.599
4.150
4.476
5.000
3.950
4.501
4.410
3.654
4.442
4.523
3.984
4.589
2.442
4.457
3.309
4.484
4.350
4.190
4.692
3.980
4.666
3.502
3.223
4.697
4.567
4.614
3.935
4.723
2.829
4.144
4.546
4.032
4.486
4.546
4.405
4.775
4.208
4.183
4.325
4.589
4.721
3.884
3.690
4.672
4.897
4.632
4.136
4.044
3.825
4.050
3.709
3.587
2.928
4.405
4.887
4.180
4.773
4.561
3.618
3.722
4.431
3.697
4.586
4.658
4.209
4.056
4.399
4.553
2.920
4.389
4.268
4.693
4.882
4.633
4.614
3.384
4.525
3.482
4.439
4.084
3.404
4.457
4.000
4.512
4.605
4.406
3.325
4.138
4.434
4.759
3.622
4.649
3.749
4.831
4.222
3.520
4.200
4.637
3.709
3.731
4.512
4.377
4.234
4.359
4.035
4.096
4.291
4.539
4.822
3.188
4.177
4.331
3.873
4.289
4.868
4.199
4.800
3.178
4.057
3.291
4.833
4.405
4.388
4.196
4.270
5.000
4.136
4.311
3.526
3.368
4.514
4.369
4.608
3.767
5.000
2.710
4.684
4.175
4.575
4.336
4.878
4.766
4.022
4.350
4.135
3.247
3.839
4.378
3.272
4.328
4.471
3.964
4.080
4.560
4.450
3.059
3.770
4.699
3.500
3.680
4.543
3.283
4.407
3.515
4.006
2.719
4.327
4.641
4.169
4.327
4.760
4.909
4.129
3.961
4.461
4.533
4.756
3.951
4.302
3.562
3.967
4.518
3.871
4.593
3.897
4.465
3.384
4.883
2.835
4.197
4.564
4.433
4.674
4.623
4.312
4.320
4.241
3.634
4.301
3.397
4.547
4.004
4.843
4.597
4.344
4.082
4.753
4.236
4.797
4.440
4.507
4.425
4.057
4.165
4.298
4.673
4.315
4.672
3.735
4.402
4.183
3.904
4.452
4.258
4.397
4.630
3.916
4.403
4.289
4.491
3.894
4.579
4.140
4.340
3.913
3.883
4.176
3.852
3.877
3.803
4.449
3.740
4.426
4.811
4.136
4.750
4.710
4.221
4.773
4.106
4.294
4.499
4.370
4.712
4.113
3.503
4.791
4.127
4.682
4.563
4.197
4.595
4.557
4.702
3.993
4.530
4.553
4.030
4.360
4.806
4.334
3.624
4.882
4.318
4.086
3.846
4.587
4.724
4.616
4.713
4.356
4.622
4.410
4.196
4.680
4.283
3.863
4.504
3.906
3.407
5.000
4.099
3.717
4.348
4.620
4.655
4.312
3.499
4.628
4.633
3.359
4.005
4.852
4.532
4.377
4.609
4.827
4.163
4.426
4.691
4.464
4.858
4.873
4.662
4.574
4.260
3.801
4.668
4.790
4.344
3.969
4.316
4.761
4.207
4.243
3.116
5.000
4.606
4.687
3.807
3.685
3.512
4.348
4.135
4.786
3.938
4.675
3.969
4.294
2.371
5.000
4.721
4.597
4.074
4.439
3.878
3.604
4.391
4.839
3.996
4.687
4.604
4.479
4.229
4.795
4.784
4.635
4.317
4.582
4.247
4.644
4.332
2.963
4.461
4.424
3.768
4.545
4.804
3.947
4.381
2.619
5.000
4.531
2.787
4.613
4.508
5.000
4.846
2.695
4.320
4.070
3.751
1.685
4.475
4.004
4.575
4.023
3.649
4.253
4.423
2.925
4.089
4.909
4.369
3.704
5.000
4.344
4.505
4.292
4.648
4.431
3.535
4.705
4.141
4.728
3.980
4.598
4.255
4.306
4.549
4.460
4.795
4.482
4.849
3.377
3.951
4.351
4.198
3.889
4.880
4.822
4.510
4.348
4.756
4.578
4.277
3.178
4.193
3.927
4.244
4.605
4.401
4.266
4.119
4.673
4.555
3.388
4.190
4.672
4.651
5.000
4.350
4.120
5.000
4.574
4.777
4.633
4.442
4.666
5.000
4.060
4.663
3.952
4.314
4.370
4.198
4.417
4.634
4.827
3.795
3.870
4.075
5.000
5.000
3.125
3.976
3.995
4.535
4.505
4.659
4.082
4.601
4.298
4.121
3.780
4.452
2.513
4.869
4.513
4.080
4.047
4.528
4.897
4.100
4.784
4.882
4.529
4.423
3.569
3.621
4.641
4.860
4.551
3.468
4.603
4.371
4.175
4.655
4.711
3.724
4.116
2.857
3.790
4.141
3.399
4.187
3.241
3.891
5.000
4.559
4.686
4.578
4.162
4.788
4.236
3.900
4.423
4.248
4.012
3.998
4.702
4.830
4.305
2.122
4.072
4.363
5.000
4.683
4.788
4.204
4.654
4.622
4.896
4.461
3.893
4.715
4.012
4.518
4.507
4.495
4.221
4.403
4.787
4.010
4.264
4.397
3.570
4.729
3.924
4.584
4.076
4.340
4.616
4.591
3.687
5.000
4.222
4.770
4.326
3.669
3.713
4.933
4.007
4.318
4.577
4.724
3.356
3.977
4.372
3.459
2.716
3.971
4.846
4.318
3.863
4.592
4.569
4.166
4.825
4.243
4.550
4.751
3.906
4.767
4.525
4.338
4.675
4.115
4.745
4.145
4.687
4.198
4.122
4.616
4.801
4.541
4.615
4.638
4.823
4.173
4.509
4.349
4.123
4.858
4.624
4.138
4.739
4.908
4.685
4.261
4.350
4.154
4.712
4.595
4.600
4.391
4.619
4.684
4.902
3.900
4.171
4.566
4.124
4.297
4.045
4.682
4.576
4.777
4.247
3.978
3.821
4.411
4.392
4.631
4.739
4.638
4.264
4.173
4.429
3.840
4.426
3.999
4.497
4.842
4.168
4.309
4.549
4.169
4.619
4.697
4.457
4.204
4.709
4.823
4.311
4.723
3.925
4.599
4.354
4.571
3.894
4.692
4.462
4.417
4.516
4.587
4.757
4.260
4.414
4.771
4.290
4.687
3.964
4.609
4.226
4.224
4.380
4.572
4.313
3.697
4.878
4.430
4.734
4.346
4.771
4.394
4.084
4.298
4.112
4.622
4.379
4.257
4.587
4.850
4.481
4.306
4.364
4.401
4.611
4.324
4.029
4.225
4.651
4.344
3.916
4.268
4.454
3.594
4.364
4.637
4.240
3.760
4.363
4.414
4.547
4.750
4.769
4.422
4.120
3.837
4.598
4.993
4.510
4.635
4.513
4.550
4.365
3.978
4.093
4.415
3.849
4.838
4.348
4.374
4.960
4.567
4.055
4.869
4.150
4.633
4.407
4.661
4.955
4.424
4.125
4.623
4.606
4.493
4.076
3.982
4.611
4.776
4.578
4.747
4.844
4.806
4.294
4.494
4.719
4.623
4.658
4.605
4.770
4.545
4.562
4.377
4.171
4.510
3.756
4.503
4.309
3.966
4.290
5.000
4.324
4.331
3.702
4.606
4.523
4.490
4.725
4.664
4.321
3.713
4.919
4.420
3.942
4.117
4.554
4.256
4.469
3.562
4.780
4.088
4.905
4.846
4.788
4.552
4.242
4.424
4.347
4.141
4.297
3.789
4.301
4.476
4.641
4.798
4.177
4.035
4.457
3.570
4.698
4.155
4.746
4.672
4.906
4.566
4.636
4.491
4.776
4.524
4.440
4.358
3.859
4.732
4.271
4.478
4.767
4.462
4.715
4.628
4.127
4.155
4.570
4.667
3.492
4.586
3.247
3.743
4.073
4.408
4.891
3.492
3.786
4.270
4.100
4.219
4.484
3.833
4.597
4.383
4.716
2.011
0.490
4.101
4.508
4.749
4.508
3.896
0.780
4.385
3.757
4.188
4.647
3.835
3.599
4.057
1.973
4.037
3.772
4.610
3.182
3.587
4.936
3.943
4.425
2.909
2.564
4.718
3.191
4.788
3.063
4.122
4.364
4.772
4.225
3.680
4.481
3.479
4.597
3.790
3.558
4.216
4.557
4.650
4.186
2.544
3.439
4.561
4.420
4.109
4.723
3.768
3.936
2.380
4.569
4.625
3.107
4.136
3.645
4.890
3.780
3.785
4.403
4.611
3.999
4.575
4.296
4.248
3.369
3.678
3.466
3.972
3.777
4.818
4.252
3.844
3.643
4.033
3.748
4.565
2.563
4.793
1.965
4.369
4.608
3.631
4.184
4.260
4.089
4.945
4.176
2.743
4.256
4.484
3.676
2.192
4.561
4.451
3.341
3.244
4.844
4.291
4.744
4.664
4.396
0.216
4.420
4.188
4.364
4.122
3.268
3.989
4.005
4.634
4.358
4.649
4.485
4.600
4.484
3.587
2.744
2.747
3.469
4.114
3.127
4.125
4.520
2.875
4.733
3.350
4.457
1.141
0.916
4.408
2.589
3.933
4.755
4.541
2.902
2.538
2.663
4.704
2.315
1.849
4.575
3.273
3.668
4.733
2.550
2.642
4.211
4.567
4.856
4.835
4.570
4.493
3.733
4.431
1.963
3.994
3.737
3.754
4.438
3.004
3.819
4.085
4.504
4.569
4.612
4.895
2.392
3.495
2.748
3.670
4.503
3.797
4.661
3.021
3.856
3.061
3.740
4.732
4.734
3.613
4.482
4.638
3.896
4.501
4.540
3.750
3.806
4.048
4.756
3.234
4.192
3.384
4.741
4.207
4.792
5.000
4.550
2.879
4.804
4.778
4.742
4.281
4.254
3.883
4.376
4.297
3.638
3.386
3.086
2.493
3.777
2.408
4.162
4.210
4.359
1.964
4.001
2.576
3.589
3.909
3.660
2.475
3.178
3.050
3.010
3.067
