2.254
2.489
2.251
2.236
2.200
2.253
2.170
2.282
2.269
2.198
2.198
2.239
2.203
2.310
2.169
2.199
2.434
2.219
2.130
2.200
2.285
2.339
2.539
2.277
2.171
2.139
2.197
2.216
2.201
2.321
2.295
2.432
2.251
2.508
2.295
2.267
2.250
2.328
2.373
2.196
2.364
2.376
2.293
2.189
2.366
2.280
2.142
2.270
2.311
2.223
2.194
2.244
2.233
2.141
2.245
2.245
2.418
2.184
2.411
2.334
2.295
2.253
2.281
2.349
2.372
2.172
2.243
2.242
2.190
2.425
2.383
2.280
2.202
2.390
2.461
2.273
2.314
2.296
2.441
2.328
2.304
2.214
2.498
2.684
2.132
2.265
2.591
2.328
2.446
2.250
2.377
2.466
2.244
2.538
2.330
2.337
2.460
2.445
2.570
2.193
2.301
2.469
2.434
2.384
2.291
2.338
2.292
2.297
2.508
2.625
2.592
2.514
2.400
2.474
2.313
2.331
2.567
2.155
2.274
2.358
2.442
2.345
2.508
2.534
2.264
2.272
2.348
2.245
2.379
2.396
2.396
2.396
2.221
2.292
2.251
2.259
2.246
2.283
2.205
2.562
2.194
2.346
2.222
2.397
2.339
2.336
2.324
2.451
2.241
2.184
2.191
2.211
2.267
2.243
2.206
2.291
2.275
2.202
2.264
2.168
2.225
2.242
2.334
2.258
2.330
2.485
2.373
2.395
2.312
2.380
2.244
2.329
2.552
2.198
2.292
2.339
2.302
2.544
2.356
2.163
2.181
2.287
2.383
2.240
2.354
2.259
2.164
2.258
2.253
2.324
2.424
2.349
2.224
2.362
2.326
2.458
2.529
2.304
2.117
2.432
2.328
2.227
2.377
2.253
2.269
2.297
2.405
2.297
2.245
2.483
2.420
2.177
2.277
2.249
2.536
2.281
2.633
2.445
2.552
2.616
2.420
2.430
2.388
2.572
2.330
2.315
2.532
2.576
2.331
2.260
2.343
2.240
2.432
2.277
2.264
2.597
2.346
2.321
2.526
2.295
2.246
2.406
2.306
2.355
2.483
2.485
2.410
2.456
2.368
2.299
2.560
2.307
2.467
2.502
2.448
2.394
2.547
2.367
2.701
2.623
2.576
2.369
2.630
2.615
2.463
2.561
2.671
2.439
2.611
2.677
2.404
2.434
2.695
2.500
2.614
2.374
2.391
2.488
2.515
2.720
2.458
2.348
2.482
2.462
2.549
2.559
2.436
2.489
2.620
2.882
2.627
2.408
2.344
2.424
2.826
2.612
2.432
2.655
2.500
2.511
2.468
2.609
2.475
2.497
2.543
2.633
2.700
2.507
2.513
2.779
2.338
2.526
2.632
2.531
2.609
2.392
2.549
2.277
2.548
2.530
2.309
2.701
2.654
2.647
2.653
2.734
2.581
2.595
2.528
2.353
2.387
2.434
2.546
2.509
2.460
2.527
2.626
2.586
2.497
2.453
2.613
2.450
2.557
2.586
2.469
2.553
2.707
2.493
2.582
2.538
2.445
2.270
2.515
2.509
2.475
2.547
2.688
2.544
2.423
2.392
2.424
2.647
2.523
2.436
2.622
2.655
2.569
2.517
2.424
2.521
2.749
2.484
2.557
2.491
2.374
2.305
2.523
2.473
2.602
2.551
2.505
2.483
2.649
2.667
2.453
2.508
2.989
2.439
2.469
2.888
2.506
2.445
2.452
2.525
2.545
2.519
2.633
2.501
2.525
2.539
2.425
2.489
2.807
2.397
2.354
2.396
2.641
2.484
2.563
2.659
2.434
2.441
2.608
2.765
2.470
2.569
2.442
2.673
2.613
2.611
2.542
2.477
2.464
2.341
2.545
2.490
2.319
2.562
2.854
2.327
2.488
2.542
2.476
2.518
2.391
2.707
2.390
2.600
2.460
2.209
2.378
2.635
2.354
2.393
2.672
2.425
2.642
2.884
2.626
2.447
2.901
2.507
2.611
2.321
2.480
2.541
2.559
2.596
2.515
2.573
2.728
2.214
2.480
2.427
2.578
2.765
2.444
2.637
2.335
2.494
2.551
2.549
2.415
2.454
2.506
2.450
2.356
2.603
2.822
2.588
2.610
2.454
2.558
2.592
2.957
2.501
2.610
2.473
2.723
2.285
2.465
2.674
2.519
2.567
2.476
2.573
2.395
2.558
2.470
2.329
2.386
2.322
2.637
2.393
2.494
2.291
2.197
2.578
2.506
2.617
2.508
2.478
2.274
2.277
2.517
2.798
2.357
2.240
2.288
2.252
2.599
2.831
2.229
2.485
2.352
2.475
2.489
2.778
2.481
2.525
2.633
2.517
2.671
2.344
2.461
2.315
2.272
2.288
2.648
2.464
2.482
2.469
2.417
2.413
2.541
2.666
2.281
2.523
2.458
2.343
2.432
2.513
2.404
2.340
2.706
2.533
2.343
2.534
2.469
2.355
2.500
2.579
2.336
2.666
2.647
2.491
2.524
2.408
2.727
2.280
2.387
2.414
2.529
2.734
2.450
2.418
2.673
2.490
2.453
2.433
2.501
2.192
2.250
2.505
2.589
2.559
2.416
2.166
2.864
2.469
2.333
2.356
2.748
2.388
2.583
2.629
2.500
2.413
2.558
2.828
2.530
2.605
2.581
2.178
2.591
2.798
2.369
2.532
2.423
2.485
2.517
2.556
2.476
2.292
2.287
2.389
2.467
2.469
2.414
2.542
2.448
2.468
2.597
2.335
2.380
3.196
2.807
2.631
3.243
2.740
3.296
2.660
2.700
3.215
3.255
2.756
2.677
2.669
2.917
2.673
3.257
3.038
2.835
2.659
3.241
2.570
2.593
2.996
2.976
2.522
2.605
2.764
2.447
2.562
2.682
2.604
2.769
2.768
2.610
2.441
2.872
2.962
2.667
3.308
2.509
3.225
2.603
2.770
2.531
3.033
2.685
2.566
3.324
2.653
2.689
2.566
3.138
3.207
3.228
2.629
3.139
3.235
2.957
2.621
2.467
2.810
2.712
2.614
2.714
2.901
2.720
2.983
2.630
3.273
2.820
2.947
2.966
2.819
2.796
2.667
2.703
2.589
2.725
2.556
2.789
2.799
2.832
3.142
3.056
3.208
3.125
2.892
2.741
3.011
3.058
2.921
2.792
2.695
2.752
2.529
2.782
2.889
3.121
2.653
3.033
2.524
2.812
2.697
2.880
2.894
2.605
2.635
3.270
2.484
3.213
2.996
3.175
2.575
2.784
2.698
2.541
2.994
3.261
2.863
3.049
2.571
2.532
2.934
2.946
2.812
2.769
2.929
2.816
2.656
2.746
3.134
3.103
2.581
3.319
2.624
2.651
2.508
2.761
2.678
3.052
2.503
2.609
2.681
2.931
2.435
2.680
2.971
2.827
2.540
2.855
2.777
3.134
2.748
2.936
2.868
2.936
2.918
2.668
2.682
2.736
2.538
2.848
2.682
2.683
2.735
2.457
2.872
2.900
2.849
3.132
2.930
3.289
2.575
2.660
2.880
3.330
2.590
2.836
2.830
2.585
2.441
2.837
3.327
2.487
2.785
3.031
3.261
2.491
2.655
2.724
2.783
2.599
3.116
2.537
2.970
2.670
2.931
2.668
2.814
3.434
2.839
2.831
2.638
2.555
2.622
3.193
2.464
3.183
2.858
2.809
2.775
2.438
2.677
3.168
2.750
2.590
2.690
2.707
2.738
2.712
2.513
2.753
2.727
2.665
2.849
3.036
2.660
2.531
2.608
2.664
3.194
2.578
2.730
2.670
2.973
2.707
2.427
3.362
2.677
2.727
2.813
3.163
2.629
2.851
2.725
2.889
2.524
3.258
2.835
2.636
2.734
2.859
2.742
2.399
2.950
3.658
2.993
3.252
3.363
3.415
3.511
3.026
3.110
3.222
3.204
2.920
3.730
3.218
2.775
3.465
3.383
3.222
3.076
3.088
3.677
3.560
3.124
3.126
3.350
3.731
3.157
3.009
2.960
3.075
3.239
3.361
3.364
3.061
2.783
3.464
3.447
3.263
3.473
3.263
2.952
2.988
3.024
3.141
3.482
3.227
3.163
2.852
2.868
3.500
3.214
2.742
3.555
2.936
3.033
2.703
2.763
2.886
3.469
3.097
3.240
3.502
2.774
3.261
2.833
3.116
2.870
3.399
2.873
3.084
3.432
3.516
2.774
3.483
3.218
3.387
3.131
3.174
2.963
3.452
3.134
3.309
2.990
3.400
2.879
2.753
3.288
3.647
2.661
3.207
2.980
2.840
3.508
3.251
3.605
3.465
2.859
2.968
3.259
3.399
3.277
3.181
3.507
2.899
2.896
3.563
3.189
2.926
3.409
2.886
2.917
3.638
2.843
2.879
3.021
3.023
3.034
2.963
2.665
3.279
3.338
3.063
2.743
2.999
3.186
2.903
2.832
3.260
3.229
2.852
3.115
3.135
3.182
3.245
3.092
2.997
3.126
3.261
2.991
3.318
3.192
3.162
2.864
3.392
3.015
3.189
3.116
3.421
3.097
3.592
3.099
3.267
3.456
3.567
3.199
3.556
2.980
3.649
3.383
3.308
3.745
3.292
3.256
3.356
2.899
3.262
3.000
2.447
3.227
3.389
3.211
3.119
3.666
3.444
3.135
3.286
2.876
3.632
3.034
3.136
3.551
3.231
3.237
2.935
3.051
3.191
3.054
3.421
3.199
2.965
3.289
3.567
3.259
3.227
2.820
3.009
2.778
3.162
3.454
3.123
3.255
3.031
3.701
3.342
2.990
3.267
3.319
3.360
2.698
2.962
3.005
2.650
3.496
3.539
3.233
3.399
2.768
3.036
3.388
3.039
2.673
2.794
3.152
3.032
3.341
3.230
3.115
2.810
3.019
3.118
3.406
2.702
2.793
3.271
3.759
3.223
3.439
3.281
3.078
2.706
3.084
3.136
2.819
3.526
3.300
2.930
3.435
3.223
3.017
3.371
2.774
2.543
2.541
2.698
2.808
2.491
2.769
2.696
2.715
2.560
2.747
2.547
2.532
2.751
2.664
2.651
2.514
2.584
2.676
2.636
2.653
2.759
2.571
2.692
2.697
2.708
2.758
2.751
2.489
2.763
2.583
2.946
2.595
2.614
2.747
2.739
2.553
2.815
2.649
2.398
2.534
2.629
2.707
2.669
2.638
2.657
2.744
2.653
2.627
2.711
2.532
2.592
2.538
2.506
2.774
2.690
3.018
2.661
2.565
2.852
2.533
2.762
2.503
2.536
2.931
2.556
2.847
2.717
2.799
2.532
2.742
2.681
2.574
2.549
2.601
2.865
2.582
2.513
2.646
2.635
2.572
2.794
2.889
2.697
2.717
2.683
2.812
2.475
2.779
2.624
2.599
2.575
2.841
2.791
2.615
2.579
2.433
2.852
2.687
2.740
2.760
2.610
2.576
2.792
2.867
2.667
2.686
2.498
2.404
2.513
2.723
2.672
2.641
2.576
2.715
2.757
2.716
2.755
2.643
2.593
2.634
2.803
2.760
2.615
2.380
2.686
2.461
2.637
2.619
2.574
2.656
2.657
2.534
2.814
2.551
2.499
2.637
2.625
2.846
2.728
2.665
2.482
2.620
2.651
2.623
2.722
2.559
2.577
2.725
2.640
2.736
2.593
2.659
2.808
2.681
2.447
2.614
2.620
2.585
2.906
2.643
2.833
2.542
2.526
2.555
2.443
2.645
3.164
2.644
2.630
2.628
2.729
2.783
2.520
2.571
2.606
2.595
2.599
2.776
2.921
2.714
2.611
2.712
2.450
2.611
2.463
2.742
2.502
2.655
2.587
2.579
2.915
2.557
2.661
2.589
2.508
2.706
2.807
2.474
2.665
2.503
2.524
2.685
2.681
2.667
2.576
2.578
2.717
2.640
2.629
2.691
2.585
2.679
2.694
2.538
2.740
2.753
2.524
2.694
2.463
2.631
2.564
2.860
2.772
2.731
2.659
2.467
2.584
2.348
2.480
2.799
2.615
2.823
2.751
2.802
2.785
2.606
2.408
2.515
2.398
2.617
2.568
2.549
2.666
2.849
2.657
2.646
2.778
2.771
2.711
